CMDLINE /home/sarvesh/Downloads/HappyMongo/voiceenv/bin/python3 server.py
MEM 1.535156 1587455622.1638
MEM 21.441406 1587455622.2760
MEM 55.839844 1587455622.3933
MEM 68.402344 1587455622.5137
MEM 84.218750 1587455622.6254
MEM 100.613281 1587455622.7373
MEM 111.582031 1587455622.8491
MEM 119.667969 1587455622.9612
MEM 128.707031 1587455623.0740
MEM 137.492188 1587455623.1860
MEM 142.863281 1587455623.2991
MEM 142.863281 1587455623.4227
MEM 142.863281 1587455623.5488
MEM 142.863281 1587455623.6803
MEM 142.863281 1587455623.8106
MEM 142.863281 1587455623.9267
MEM 142.863281 1587455624.0405
MEM 142.863281 1587455624.1660
MEM 142.863281 1587455624.3013
MEM 142.863281 1587455624.4368
MEM 142.863281 1587455624.5641
MEM 142.863281 1587455624.6992
MEM 142.863281 1587455624.8288
MEM 142.863281 1587455624.9518
MEM 142.863281 1587455625.0867
MEM 142.863281 1587455625.2161
MEM 142.863281 1587455625.3505
MEM 142.863281 1587455625.4873
MEM 142.863281 1587455625.6258
MEM 142.863281 1587455625.7587
MEM 142.863281 1587455625.8839
MEM 142.863281 1587455625.9970
MEM 142.863281 1587455626.1142
MEM 142.863281 1587455626.2465
MEM 142.863281 1587455626.3874
MEM 142.863281 1587455626.5387
MEM 142.863281 1587455626.6855
MEM 142.863281 1587455626.8174
MEM 142.863281 1587455626.9298
MEM 142.863281 1587455627.0420
MEM 142.863281 1587455627.1578
MEM 144.105469 1587455627.2711
MEM 144.105469 1587455627.3865
MEM 144.105469 1587455627.5025
MEM 144.105469 1587455627.6146
MEM 144.105469 1587455627.7302
MEM 144.105469 1587455627.8431
MEM 144.105469 1587455627.9593
MEM 144.105469 1587455628.0742
MEM 144.273438 1587455628.1904
MEM 554.988281 1587455628.3124
CHLD 0 127.617188 1587455628.3238
CHLD 1 127.324219 1587455628.3238
CHLD 2 141.207031 1587455628.3239
MEM 668.976562 1587455628.4352
CHLD 0 156.484375 1587455628.4442
CHLD 1 159.605469 1587455628.4443
CHLD 2 209.402344 1587455628.4443
MEM 682.679688 1587455628.5534
CHLD 0 164.710938 1587455628.5858
CHLD 1 164.898438 1587455628.5858
CHLD 2 209.402344 1587455628.5859
MEM 683.695312 1587455628.6947
CHLD 0 164.710938 1587455628.7296
CHLD 1 164.898438 1587455628.7297
CHLD 2 209.402344 1587455628.7297
MEM 683.695312 1587455628.8383
CHLD 0 164.710938 1587455628.8585
CHLD 1 164.898438 1587455628.8586
CHLD 2 209.402344 1587455628.8586
MEM 683.695312 1587455628.9673
CHLD 0 164.710938 1587455629.0039
CHLD 1 164.898438 1587455629.0039
CHLD 2 209.402344 1587455629.0039
MEM 683.695312 1587455629.1126
CHLD 0 164.710938 1587455629.1462
CHLD 1 164.898438 1587455629.1462
CHLD 2 209.402344 1587455629.1463
MEM 683.875000 1587455629.2548
CHLD 0 164.890625 1587455629.2793
CHLD 1 165.078125 1587455629.2794
CHLD 2 209.402344 1587455629.2794
MEM 715.218750 1587455629.3894
CHLD 0 182.136719 1587455629.3992
CHLD 1 188.523438 1587455629.3992
CHLD 2 209.402344 1587455629.3992
MEM 731.179688 1587455629.5079
CHLD 0 188.570312 1587455629.5432
CHLD 1 188.523438 1587455629.5432
CHLD 2 209.402344 1587455629.5480
MEM 731.179688 1587455629.6570
CHLD 0 188.570312 1587455629.6912
CHLD 1 188.523438 1587455629.6912
CHLD 2 209.402344 1587455629.6913
MEM 731.179688 1587455629.8007
CHLD 0 188.570312 1587455629.8378
CHLD 1 188.523438 1587455629.8378
CHLD 2 209.402344 1587455629.8379
MEM 731.179688 1587455629.9475
CHLD 0 188.570312 1587455629.9968
CHLD 1 188.523438 1587455629.9968
CHLD 2 209.402344 1587455629.9969
MEM 731.289062 1587455630.1067
CHLD 0 188.625000 1587455630.1204
CHLD 1 188.632812 1587455630.1204
CHLD 2 209.402344 1587455630.1205
MEM 763.652344 1587455630.2311
CHLD 0 211.152344 1587455630.2406
CHLD 1 211.078125 1587455630.2406
CHLD 2 210.917969 1587455630.2407
MEM 921.363281 1587455630.3538
CHLD 0 281.281250 1587455630.3683
CHLD 1 281.207031 1587455630.3684
CHLD 2 215.902344 1587455630.3685
MEM 899.019531 1587455630.4895
CHLD 0 281.351562 1587455630.5150
CHLD 1 256.011719 1587455630.5151
CHLD 2 218.261719 1587455630.5151
MEM 899.792969 1587455630.6239
CHLD 0 256.343750 1587455630.6360
CHLD 1 281.277344 1587455630.6360
CHLD 2 218.261719 1587455630.6361
MEM 916.292969 1587455630.7449
CHLD 0 281.351562 1587455630.7786
CHLD 1 251.628906 1587455630.7787
CHLD 2 218.261719 1587455630.7787
MEM 904.949219 1587455630.8879
CHLD 0 281.351562 1587455630.9170
CHLD 1 262.457031 1587455630.9171
CHLD 2 218.261719 1587455630.9171
MEM 901.082031 1587455631.0259
CHLD 0 257.375000 1587455631.0371
CHLD 1 281.277344 1587455631.0533
CHLD 2 218.261719 1587455631.0534
MEM 895.667969 1587455631.1633
CHLD 0 281.351562 1587455631.1923
CHLD 1 254.980469 1587455631.1924
CHLD 2 218.261719 1587455631.1924
MEM 908.816406 1587455631.3019
CHLD 0 281.351562 1587455631.3368
CHLD 1 277.667969 1587455631.3368
CHLD 2 218.261719 1587455631.3369
MEM 893.609375 1587455631.4470
CHLD 0 249.386719 1587455631.4748
CHLD 1 281.277344 1587455631.4749
CHLD 2 218.261719 1587455631.4749
MEM 861.644531 1587455631.5865
CHLD 0 249.386719 1587455631.6105
CHLD 1 249.312500 1587455631.6106
CHLD 2 218.261719 1587455631.6106
MEM 861.644531 1587455631.7192
CHLD 0 249.386719 1587455631.7478
CHLD 1 249.312500 1587455631.7478
CHLD 2 218.261719 1587455631.7479
MEM 861.644531 1587455631.8562
CHLD 0 249.386719 1587455631.8725
CHLD 1 249.312500 1587455631.8725
CHLD 2 218.261719 1587455631.8725
MEM 861.644531 1587455631.9811
CHLD 0 249.386719 1587455632.0094
CHLD 1 249.312500 1587455632.0094
CHLD 2 218.261719 1587455632.0094
MEM 861.644531 1587455632.1179
CHLD 0 249.386719 1587455632.1421
CHLD 1 249.312500 1587455632.1422
CHLD 2 218.261719 1587455632.1422
MEM 861.644531 1587455632.2510
CHLD 0 249.386719 1587455632.2646
CHLD 1 249.312500 1587455632.2647
CHLD 2 218.261719 1587455632.2647
MEM 861.644531 1587455632.3732
CHLD 0 249.386719 1587455632.3934
CHLD 1 249.312500 1587455632.3935
CHLD 2 218.261719 1587455632.3935
MEM 862.152344 1587455632.5022
CHLD 0 249.640625 1587455632.5176
CHLD 1 249.566406 1587455632.5177
CHLD 2 218.261719 1587455632.5177
MEM 862.152344 1587455632.6264
CHLD 0 249.640625 1587455632.6513
CHLD 1 249.566406 1587455632.6514
CHLD 2 218.261719 1587455632.6514
MEM 862.707031 1587455632.7598
CHLD 0 249.898438 1587455632.7705
CHLD 1 249.566406 1587455632.7706
CHLD 2 218.558594 1587455632.7706
MEM 863.257812 1587455632.8794
CHLD 0 249.898438 1587455632.8985
CHLD 1 249.824219 1587455632.8986
CHLD 2 218.851562 1587455632.8986
MEM 864.007812 1587455633.0071
CHLD 0 250.156250 1587455633.0157
CHLD 1 250.082031 1587455633.0157
CHLD 2 219.085938 1587455633.0158
MEM 882.652344 1587455633.1255
CHLD 0 250.414062 1587455633.1366
CHLD 1 250.597656 1587455633.1366
CHLD 2 253.972656 1587455633.1367
MEM 974.679688 1587455633.2489
CHLD 0 250.929688 1587455633.2727
CHLD 1 250.855469 1587455633.2727
CHLD 2 328.468750 1587455633.2727
MEM 975.195312 1587455633.3872
CHLD 0 250.929688 1587455633.4244
CHLD 1 251.113281 1587455633.4244
CHLD 2 328.468750 1587455633.4245
MEM 975.710938 1587455633.5341
CHLD 0 251.187500 1587455633.5681
CHLD 1 251.371094 1587455633.5682
CHLD 2 328.468750 1587455633.5682
MEM 975.710938 1587455633.6793
CHLD 0 251.445312 1587455633.7137
CHLD 1 251.371094 1587455633.7137
CHLD 2 328.468750 1587455633.7137
MEM 976.226562 1587455633.8229
CHLD 0 251.445312 1587455633.8402
CHLD 1 251.628906 1587455633.8402
CHLD 2 328.468750 1587455633.8403
MEM 976.226562 1587455633.9494
CHLD 0 251.445312 1587455633.9771
CHLD 1 251.628906 1587455633.9771
CHLD 2 328.468750 1587455633.9771
MEM 976.484375 1587455634.0877
CHLD 0 251.703125 1587455634.1129
CHLD 1 251.886719 1587455634.1130
CHLD 2 328.468750 1587455634.1130
MEM 976.742188 1587455634.2219
CHLD 0 251.703125 1587455634.2389
CHLD 1 251.886719 1587455634.2389
CHLD 2 328.468750 1587455634.2390
MEM 977.000000 1587455634.3480
CHLD 0 251.960938 1587455634.3723
CHLD 1 251.886719 1587455634.3723
CHLD 2 328.468750 1587455634.3724
MEM 977.257812 1587455634.4821
CHLD 0 251.960938 1587455634.5023
CHLD 1 252.144531 1587455634.5023
CHLD 2 328.468750 1587455634.5023
MEM 977.515625 1587455634.6109
CHLD 0 252.218750 1587455634.6354
CHLD 1 252.144531 1587455634.6355
CHLD 2 328.468750 1587455634.6355
MEM 977.773438 1587455634.7442
CHLD 0 252.218750 1587455634.7554
CHLD 1 252.402344 1587455634.7554
CHLD 2 328.468750 1587455634.7555
MEM 977.773438 1587455634.8647
CHLD 0 252.218750 1587455634.8836
CHLD 1 252.402344 1587455634.8836
CHLD 2 328.468750 1587455634.8836
MEM 978.031250 1587455634.9924
CHLD 0 252.476562 1587455635.0166
CHLD 1 252.660156 1587455635.0166
CHLD 2 328.468750 1587455635.0167
MEM 978.289062 1587455635.1254
CHLD 0 252.476562 1587455635.1411
CHLD 1 252.660156 1587455635.1411
CHLD 2 328.468750 1587455635.1412
MEM 978.804688 1587455635.2506
CHLD 0 252.734375 1587455635.2783
CHLD 1 252.917969 1587455635.2783
CHLD 2 328.523438 1587455635.2783
MEM 978.859375 1587455635.3889
CHLD 0 252.734375 1587455635.4016
CHLD 1 252.917969 1587455635.4017
CHLD 2 328.523438 1587455635.4017
MEM 979.484375 1587455635.5102
CHLD 0 252.992188 1587455635.5207
CHLD 1 253.175781 1587455635.5207
CHLD 2 328.687500 1587455635.5207
MEM 980.890625 1587455635.6301
CHLD 0 253.250000 1587455635.6383
CHLD 1 253.433594 1587455635.6384
CHLD 2 331.328125 1587455635.6384
MEM 1094.222656 1587455635.7480
CHLD 0 253.507812 1587455635.7568
CHLD 1 254.046875 1587455635.7569
CHLD 2 457.710938 1587455635.7569
MEM 1172.695312 1587455635.8662
CHLD 0 254.121094 1587455635.8745
CHLD 1 254.304688 1587455635.8745
CHLD 2 521.648438 1587455635.8745
MEM 1146.164062 1587455635.9850
CHLD 0 254.121094 1587455635.9949
CHLD 1 197.867188 1587455635.9950
CHLD 2 551.812500 1587455635.9950
MEM 1234.789062 1587455636.1065
CHLD 0 254.378906 1587455636.1182
CHLD 1 209.406250 1587455636.1183
CHLD 2 626.320312 1587455636.1183
MEM 1178.234375 1587455636.2285
CHLD 0 197.824219 1587455636.2390
CHLD 1 209.406250 1587455636.2391
CHLD 2 626.320312 1587455636.2391
MEM 1188.152344 1587455636.3501
CHLD 0 209.363281 1587455636.3851
CHLD 1 209.406250 1587455636.3851
CHLD 2 502.371094 1587455636.3862
MEM 1092.121094 1587455636.4961
CHLD 0 209.363281 1587455636.5172
CHLD 1 209.406250 1587455636.5173
CHLD 2 534.597656 1587455636.5173
MEM 1111.972656 1587455636.6274
CHLD 0 209.363281 1587455636.6646
CHLD 1 209.406250 1587455636.6646
CHLD 2 553.160156 1587455636.6647
MEM 1124.617188 1587455636.7737
CHLD 0 209.375000 1587455636.8080
CHLD 1 209.433594 1587455636.8080
CHLD 2 572.753906 1587455636.8081
MEM 1190.058594 1587455636.9216
CHLD 0 209.375000 1587455636.9318
CHLD 1 209.632812 1587455636.9347
CHLD 2 626.378906 1587455636.9348
MEM 1200.894531 1587455637.0525
CHLD 0 209.375000 1587455637.0992
CHLD 1 220.457031 1587455637.0992
CHLD 2 626.378906 1587455637.0993
MEM 1200.894531 1587455637.2079
CHLD 0 209.375000 1587455637.2405
CHLD 1 220.457031 1587455637.2406
CHLD 2 626.378906 1587455637.2406
MEM 1200.894531 1587455637.3496
CHLD 0 209.375000 1587455637.3858
CHLD 1 220.457031 1587455637.3858
CHLD 2 626.378906 1587455637.3858
MEM 1200.894531 1587455637.4945
CHLD 0 209.375000 1587455637.5279
CHLD 1 220.457031 1587455637.5279
CHLD 2 626.378906 1587455637.5280
MEM 1200.894531 1587455637.6367
CHLD 0 209.375000 1587455637.6612
CHLD 1 220.457031 1587455637.6853
CHLD 2 626.378906 1587455637.6854
MEM 1087.609375 1587455637.7946
CHLD 0 209.429688 1587455637.8042
CHLD 1 220.636719 1587455637.8043
CHLD 2 510.363281 1587455637.8043
MEM 1187.933594 1587455637.9131
CHLD 0 212.433594 1587455637.9217
CHLD 1 269.660156 1587455637.9217
CHLD 2 568.113281 1587455637.9217
MEM 1243.101562 1587455638.0324
CHLD 0 220.425781 1587455638.0591
CHLD 1 296.472656 1587455638.0592
CHLD 2 585.644531 1587455638.0592
MEM 1225.371094 1587455638.1691
CHLD 0 220.425781 1587455638.1919
CHLD 1 266.367188 1587455638.1920
CHLD 2 596.214844 1587455638.1920
MEM 1250.121094 1587455638.3015
CHLD 0 220.425781 1587455638.3363
CHLD 1 283.898438 1587455638.3363
CHLD 2 608.332031 1587455638.3363
MEM 1288.238281 1587455638.4470
CHLD 0 225.183594 1587455638.4573
CHLD 1 266.109375 1587455638.4573
CHLD 2 671.238281 1587455638.4574
MEM 1402.449219 1587455638.5695
CHLD 0 296.441406 1587455638.5828
CHLD 1 296.531250 1587455638.5829
CHLD 2 678.972656 1587455638.5829
MEM 1368.734375 1587455638.6960
CHLD 0 270.203125 1587455638.7090
CHLD 1 284.929688 1587455638.7091
CHLD 2 678.972656 1587455638.7091
MEM 1276.679688 1587455638.8190
CHLD 0 296.500000 1587455638.8301
CHLD 1 264.566406 1587455638.8302
CHLD 2 573.250000 1587455638.8302
MEM 1318.187500 1587455638.9464
CHLD 0 296.500000 1587455638.9552
CHLD 1 264.566406 1587455638.9553
CHLD 2 614.500000 1587455638.9553
MEM 1384.703125 1587455639.0744
CHLD 0 296.500000 1587455639.0904
CHLD 1 264.566406 1587455639.0905
CHLD 2 678.953125 1587455639.0905
MEM 1352.738281 1587455639.2051
CHLD 0 264.535156 1587455639.2167
CHLD 1 264.566406 1587455639.2168
CHLD 2 678.953125 1587455639.2168
MEM 1213.441406 1587455639.3250
CHLD 0 264.535156 1587455639.3337
CHLD 1 264.566406 1587455639.3338
CHLD 2 539.656250 1587455639.3338
MEM 1213.695312 1587455639.4424
CHLD 0 264.535156 1587455639.4509
CHLD 1 264.566406 1587455639.4509
CHLD 2 540.167969 1587455639.4510
MEM 1214.210938 1587455639.5594
CHLD 0 264.535156 1587455639.5687
CHLD 1 264.566406 1587455639.5688
CHLD 2 540.425781 1587455639.5688
MEM 1214.726562 1587455639.6779
CHLD 0 264.535156 1587455639.6871
CHLD 1 264.566406 1587455639.6872
CHLD 2 540.941406 1587455639.6872
MEM 1214.984375 1587455639.7972
CHLD 0 264.535156 1587455639.8055
CHLD 1 264.566406 1587455639.8056
CHLD 2 541.199219 1587455639.8056
MEM 1215.500000 1587455639.9144
CHLD 0 264.535156 1587455639.9223
CHLD 1 264.566406 1587455639.9223
CHLD 2 541.714844 1587455639.9224
MEM 1216.015625 1587455640.0319
CHLD 0 264.535156 1587455640.0408
CHLD 1 264.566406 1587455640.0408
CHLD 2 542.230469 1587455640.0409
MEM 1216.273438 1587455640.1503
CHLD 0 264.535156 1587455640.1581
CHLD 1 264.566406 1587455640.1582
CHLD 2 542.488281 1587455640.1582
MEM 1216.789062 1587455640.2671
CHLD 0 264.535156 1587455640.2750
CHLD 1 264.566406 1587455640.2751
CHLD 2 543.003906 1587455640.2751
MEM 1217.304688 1587455640.3844
CHLD 0 264.535156 1587455640.3926
CHLD 1 264.566406 1587455640.3927
CHLD 2 543.519531 1587455640.3927
MEM 1217.562500 1587455640.5026
CHLD 0 264.535156 1587455640.5106
CHLD 1 264.566406 1587455640.5106
CHLD 2 543.777344 1587455640.5107
MEM 1218.078125 1587455640.6197
CHLD 0 264.535156 1587455640.6287
CHLD 1 264.566406 1587455640.6288
CHLD 2 544.292969 1587455640.6288
MEM 1218.335938 1587455640.7374
CHLD 0 264.535156 1587455640.7457
CHLD 1 264.566406 1587455640.7458
CHLD 2 544.550781 1587455640.7458
MEM 1218.851562 1587455640.8580
CHLD 0 264.535156 1587455640.8666
CHLD 1 264.566406 1587455640.8666
CHLD 2 545.066406 1587455640.8666
MEM 1219.367188 1587455640.9751
CHLD 0 264.535156 1587455640.9842
CHLD 1 264.566406 1587455640.9843
CHLD 2 545.582031 1587455640.9843
MEM 1219.625000 1587455641.0927
CHLD 0 264.535156 1587455641.1026
CHLD 1 264.566406 1587455641.1026
CHLD 2 545.839844 1587455641.1027
MEM 1220.140625 1587455641.2112
CHLD 0 264.535156 1587455641.2259
CHLD 1 264.566406 1587455641.2259
CHLD 2 546.355469 1587455641.2259
MEM 1220.398438 1587455641.3359
CHLD 0 264.535156 1587455641.3489
CHLD 1 264.566406 1587455641.3489
CHLD 2 546.613281 1587455641.3489
MEM 1176.882812 1587455641.4573
CHLD 0 264.535156 1587455641.4709
CHLD 1 220.535156 1587455641.4710
CHLD 2 547.128906 1587455641.4710
MEM 1177.226562 1587455641.5802
CHLD 0 264.535156 1587455641.5964
CHLD 1 221.132812 1587455641.5965
CHLD 2 547.644531 1587455641.5965
MEM 1112.578125 1587455641.7055
CHLD 0 198.859375 1587455641.7171
CHLD 1 221.132812 1587455641.7171
CHLD 2 547.902344 1587455641.7172
MEM 1134.597656 1587455641.8269
CHLD 0 220.621094 1587455641.8464
CHLD 1 221.132812 1587455641.8464
CHLD 2 548.160156 1587455641.8464
MEM 1134.855469 1587455641.9552
CHLD 0 220.621094 1587455641.9878
CHLD 1 221.132812 1587455641.9878
CHLD 2 548.675781 1587455641.9879
MEM 1135.113281 1587455642.0984
CHLD 0 0.000000 1587455642.1298
CHLD 1 221.132812 1587455642.1298
CHLD 2 548.933594 1587455642.1299
MEM 914.921875 1587455642.2381
CHLD 0 221.304688 1587455642.2466
CHLD 1 549.191406 1587455642.2466
MEM 915.179688 1587455642.3552
CHLD 0 221.304688 1587455642.3818
CHLD 1 549.191406 1587455642.3818
MEM 915.437500 1587455642.4904
CHLD 0 221.304688 1587455642.5187
CHLD 1 549.449219 1587455642.5187
MEM 915.695312 1587455642.6270
CHLD 0 221.335938 1587455642.6350
CHLD 1 549.707031 1587455642.6351
MEM 975.781250 1587455642.7445
CHLD 0 280.875000 1587455642.7535
CHLD 1 550.222656 1587455642.7536
MEM 976.425781 1587455642.8636
CHLD 0 249.039062 1587455642.8732
CHLD 1 550.738281 1587455642.8733
MEM 948.066406 1587455642.9818
CHLD 0 254.191406 1587455642.9899
CHLD 1 551.253906 1587455642.9899
MEM 945.234375 1587455643.0982
CHLD 0 249.039062 1587455643.1058
CHLD 1 551.511719 1587455643.1059
MEM 945.750000 1587455643.2143
CHLD 0 249.039062 1587455643.2221
CHLD 1 552.027344 1587455643.2222
MEM 946.007812 1587455643.3311
CHLD 0 249.039062 1587455643.3388
CHLD 1 552.542969 1587455643.3389
MEM 946.523438 1587455643.4471
CHLD 0 249.039062 1587455643.4548
CHLD 1 552.800781 1587455643.4548
MEM 947.039062 1587455643.5629
CHLD 0 249.039062 1587455643.5706
CHLD 1 553.316406 1587455643.5706
MEM 947.296875 1587455643.6789
CHLD 0 249.039062 1587455643.6866
CHLD 1 553.832031 1587455643.6866
MEM 947.812500 1587455643.7947
CHLD 0 249.039062 1587455643.8024
CHLD 1 554.089844 1587455643.8024
MEM 948.328125 1587455643.9108
CHLD 0 249.039062 1587455643.9185
CHLD 1 554.605469 1587455643.9185
MEM 948.843750 1587455644.0266
CHLD 0 249.039062 1587455644.0343
CHLD 1 555.121094 1587455644.0343
MEM 949.101562 1587455644.1424
CHLD 0 249.039062 1587455644.1502
CHLD 1 555.636719 1587455644.1502
MEM 949.617188 1587455644.2585
CHLD 0 249.039062 1587455644.2664
CHLD 1 555.894531 1587455644.2664
MEM 950.132812 1587455644.3752
CHLD 0 249.039062 1587455644.3841
CHLD 1 556.410156 1587455644.3842
MEM 701.609375 1587455644.4922
CHLD 0 0.000000 1587455644.4983
CHLD 1 556.925781 1587455644.4984
MEM 701.867188 1587455644.6045
CHLD 0 0.000000 1587455644.6102
CHLD 1 557.441406 1587455644.6103
MEM 702.382812 1587455644.7166
CHLD 0 0.000000 1587455644.7223
CHLD 1 557.699219 1587455644.7223
MEM 702.898438 1587455644.8287
CHLD 0 0.000000 1587455644.8345
CHLD 1 558.214844 1587455644.8345
MEM 703.414062 1587455644.9408
CHLD 0 0.000000 1587455644.9467
CHLD 1 558.730469 1587455644.9467
MEM 703.671875 1587455645.0529
CHLD 0 0.000000 1587455645.0586
CHLD 1 559.246094 1587455645.0586
MEM 704.187500 1587455645.1654
CHLD 0 0.000000 1587455645.1712
CHLD 1 559.503906 1587455645.1712
MEM 704.703125 1587455645.2774
CHLD 0 0.000000 1587455645.2833
CHLD 1 560.019531 1587455645.2833
MEM 705.218750 1587455645.3895
CHLD 0 0.000000 1587455645.3953
CHLD 1 560.535156 1587455645.3953
MEM 705.476562 1587455645.5017
CHLD 0 0.000000 1587455645.5074
CHLD 1 560.792969 1587455645.5074
MEM 705.992188 1587455645.6137
CHLD 0 0.000000 1587455645.6195
CHLD 1 561.308594 1587455645.6195
MEM 706.507812 1587455645.7257
CHLD 0 0.000000 1587455645.7316
CHLD 1 561.824219 1587455645.7316
MEM 706.765625 1587455645.8417
CHLD 0 0.000000 1587455645.8514
CHLD 1 562.339844 1587455645.8515
MEM 707.281250 1587455645.9581
CHLD 0 0.000000 1587455645.9644
CHLD 1 562.597656 1587455645.9644
MEM 707.796875 1587455646.0706
CHLD 0 0.000000 1587455646.0764
CHLD 1 563.113281 1587455646.0764
MEM 708.054688 1587455646.1827
CHLD 0 0.000000 1587455646.1884
CHLD 1 563.371094 1587455646.1884
MEM 603.281250 1587455646.2947
CHLD 0 0.000000 1587455646.3007
CHLD 1 458.597656 1587455646.3007
MEM 603.281250 1587455646.4069
CHLD 0 0.000000 1587455646.4127
CHLD 1 458.597656 1587455646.4127
MEM 603.945312 1587455646.5190
CHLD 0 0.000000 1587455646.5246
CHLD 1 459.261719 1587455646.5247
MEM 604.203125 1587455646.6311
CHLD 0 0.000000 1587455646.6368
CHLD 1 459.519531 1587455646.6368
MEM 604.460938 1587455646.7431
CHLD 0 0.000000 1587455646.7490
CHLD 1 459.777344 1587455646.7490
MEM 604.718750 1587455646.8552
CHLD 0 0.000000 1587455646.8609
CHLD 1 460.035156 1587455646.8609
MEM 604.976562 1587455646.9672
CHLD 0 0.000000 1587455646.9729
CHLD 1 460.292969 1587455646.9729
MEM 605.234375 1587455647.0794
CHLD 0 0.000000 1587455647.0852
CHLD 1 460.550781 1587455647.0853
MEM 605.492188 1587455647.1915
CHLD 0 0.000000 1587455647.1974
CHLD 1 460.808594 1587455647.1974
MEM 269.230469 1587455647.3038
CHLD 0 0.000000 1587455647.3095
CHLD 1 124.546875 1587455647.3096
MEM 454.824219 1587455647.4165
CHLD 0 0.000000 1587455647.4228
CHLD 1 336.726562 1587455647.4228
MEM 515.046875 1587455647.5295
CHLD 0 0.000000 1587455647.5355
CHLD 1 376.558594 1587455647.5355
MEM 489.046875 1587455647.6420
CHLD 0 0.000000 1587455647.6482
CHLD 1 352.363281 1587455647.6482
MEM 481.503906 1587455647.7545
CHLD 0 0.000000 1587455647.7606
CHLD 1 336.820312 1587455647.7606
MEM 481.503906 1587455647.8670
CHLD 0 0.000000 1587455647.8729
CHLD 1 336.820312 1587455647.8729
MEM 481.503906 1587455647.9792
CHLD 0 0.000000 1587455647.9851
CHLD 1 336.820312 1587455647.9851
MEM 144.902344 1587455648.0942
MEM 144.902344 1587455648.2112
MEM 144.902344 1587455648.3360
MEM 144.902344 1587455648.4631
MEM 144.902344 1587455648.5911
MEM 144.902344 1587455648.7227
MEM 144.902344 1587455648.8540
MEM 144.902344 1587455648.9849
MEM 144.902344 1587455649.1193
MEM 144.902344 1587455649.2523
MEM 144.902344 1587455649.3846
MEM 144.902344 1587455649.5181
MEM 144.902344 1587455649.6508
MEM 144.902344 1587455649.7828
MEM 144.902344 1587455649.9162
MEM 144.902344 1587455650.0389
MEM 144.902344 1587455650.1521
MEM 144.902344 1587455650.2669
MEM 144.902344 1587455650.3913
