CMDLINE /home/sarvesh/Downloads/HappyMongo/voiceenv/bin/python3 server.py
MEM 1.472656 1587455249.4480
MEM 21.210938 1587455249.5601
MEM 54.960938 1587455249.6771
MEM 66.625000 1587455249.8038
MEM 82.031250 1587455249.9181
MEM 95.960938 1587455250.0320
MEM 110.117188 1587455250.1465
MEM 115.390625 1587455250.2613
MEM 122.027344 1587455250.3746
MEM 129.300781 1587455250.4879
MEM 139.011719 1587455250.6011
MEM 142.437500 1587455250.7241
MEM 142.437500 1587455250.8620
MEM 142.437500 1587455250.9932
MEM 142.437500 1587455251.1177
MEM 142.437500 1587455251.2328
MEM 142.437500 1587455251.3472
MEM 142.437500 1587455251.4638
MEM 142.437500 1587455251.5957
MEM 142.437500 1587455251.7160
MEM 142.437500 1587455251.8345
MEM 142.437500 1587455251.9623
MEM 142.437500 1587455252.0831
MEM 142.437500 1587455252.2121
MEM 142.437500 1587455252.3361
MEM 142.437500 1587455252.4492
MEM 142.437500 1587455252.5614
MEM 142.437500 1587455252.6737
MEM 143.683594 1587455252.7876
MEM 143.683594 1587455252.8994
MEM 143.683594 1587455253.0253
MEM 143.683594 1587455253.1428
MEM 143.683594 1587455253.2600
MEM 143.683594 1587455253.3779
MEM 143.683594 1587455253.4927
MEM 143.683594 1587455253.6052
MEM 143.773438 1587455253.7173
MEM 144.050781 1587455253.8300
MEM 658.406250 1587455253.9500
CHLD 0 156.585938 1587455253.9703
CHLD 1 158.328125 1587455253.9703
CHLD 2 209.460938 1587455253.9703
MEM 679.304688 1587455254.0847
CHLD 0 164.445312 1587455254.1294
CHLD 1 162.203125 1587455254.1294
CHLD 2 209.460938 1587455254.1294
MEM 682.542969 1587455254.2382
CHLD 0 164.445312 1587455254.2926
CHLD 1 164.382812 1587455254.2926
CHLD 2 209.460938 1587455254.2927
MEM 682.542969 1587455254.4118
CHLD 0 164.445312 1587455254.4486
CHLD 1 164.382812 1587455254.4487
CHLD 2 209.460938 1587455254.4487
MEM 682.542969 1587455254.5655
CHLD 0 164.445312 1587455254.6337
CHLD 1 164.382812 1587455254.6338
CHLD 2 209.460938 1587455254.6338
MEM 682.722656 1587455254.7504
CHLD 0 164.742188 1587455254.8062
CHLD 1 164.382812 1587455254.8062
CHLD 2 209.460938 1587455254.8063
MEM 683.371094 1587455254.9211
CHLD 0 165.093750 1587455254.9423
CHLD 1 164.796875 1587455254.9423
CHLD 2 209.460938 1587455254.9424
MEM 707.574219 1587455255.0620
CHLD 0 188.273438 1587455255.0769
CHLD 1 169.675781 1587455255.0769
CHLD 2 209.460938 1587455255.0770
MEM 730.214844 1587455255.1865
CHLD 0 188.273438 1587455255.2311
CHLD 1 188.226562 1587455255.2312
CHLD 2 209.460938 1587455255.2312
MEM 730.214844 1587455255.3396
CHLD 0 188.273438 1587455255.3861
CHLD 1 188.226562 1587455255.3861
CHLD 2 209.460938 1587455255.3861
MEM 730.214844 1587455255.4956
CHLD 0 188.273438 1587455255.5499
CHLD 1 188.226562 1587455255.5500
CHLD 2 209.460938 1587455255.5500
MEM 731.632812 1587455255.6594
CHLD 0 188.546875 1587455255.7028
CHLD 1 188.226562 1587455255.7029
CHLD 2 210.769531 1587455255.7029
MEM 753.562500 1587455255.8121
CHLD 0 210.855469 1587455255.8274
CHLD 1 188.226562 1587455255.8274
CHLD 2 213.503906 1587455255.8274
MEM 810.531250 1587455255.9364
CHLD 0 263.250000 1587455255.9541
CHLD 1 188.390625 1587455255.9542
CHLD 2 215.925781 1587455255.9542
MEM 832.167969 1587455256.0639
CHLD 0 281.039062 1587455256.0879
CHLD 1 189.285156 1587455256.0880
CHLD 2 218.101562 1587455256.0880
MEM 847.601562 1587455256.1976
CHLD 0 253.523438 1587455256.2300
CHLD 1 251.832031 1587455256.2300
CHLD 2 218.101562 1587455256.2301
MEM 900.710938 1587455256.3388
CHLD 0 281.109375 1587455256.3806
CHLD 1 280.191406 1587455256.3807
CHLD 2 218.101562 1587455256.3807
MEM 924.429688 1587455256.4901
CHLD 0 281.109375 1587455256.5194
CHLD 1 280.964844 1587455256.5195
CHLD 2 218.101562 1587455256.5195
MEM 870.359375 1587455256.6314
CHLD 0 256.617188 1587455256.6584
CHLD 1 252.933594 1587455256.6585
CHLD 2 218.101562 1587455256.6585
MEM 889.437500 1587455256.7671
CHLD 0 281.109375 1587455256.7877
CHLD 1 261.957031 1587455256.7878
CHLD 2 218.101562 1587455256.7878
MEM 924.500000 1587455256.8978
CHLD 0 281.109375 1587455256.9137
CHLD 1 281.035156 1587455256.9137
CHLD 2 218.101562 1587455256.9138
MEM 894.593750 1587455257.0226
CHLD 0 253.265625 1587455257.0579
CHLD 1 281.035156 1587455257.0579
CHLD 2 218.101562 1587455257.0580
MEM 878.609375 1587455257.1665
CHLD 0 264.351562 1587455257.1991
CHLD 1 257.058594 1587455257.1992
CHLD 2 218.101562 1587455257.1992
MEM 908.515625 1587455257.3086
CHLD 0 281.109375 1587455257.3315
CHLD 1 276.910156 1587455257.3315
CHLD 2 218.101562 1587455257.3315
MEM 924.500000 1587455257.4439
CHLD 0 249.144531 1587455257.4671
CHLD 1 249.070312 1587455257.4672
CHLD 2 218.101562 1587455257.4672
MEM 867.269531 1587455257.5785
CHLD 0 249.144531 1587455257.6093
CHLD 1 259.894531 1587455257.6094
CHLD 2 218.101562 1587455257.6094
MEM 892.535156 1587455257.7183
CHLD 0 249.144531 1587455257.7393
CHLD 1 281.035156 1587455257.7393
CHLD 2 218.101562 1587455257.7393
MEM 892.535156 1587455257.8531
CHLD 0 249.144531 1587455257.8913
CHLD 1 281.035156 1587455257.8914
CHLD 2 218.101562 1587455257.8914
MEM 860.570312 1587455258.0011
CHLD 0 249.144531 1587455258.0323
CHLD 1 249.070312 1587455258.0324
CHLD 2 218.101562 1587455258.0324
MEM 860.570312 1587455258.1436
CHLD 0 249.144531 1587455258.1647
CHLD 1 249.070312 1587455258.1648
CHLD 2 218.101562 1587455258.1648
MEM 860.570312 1587455258.2764
CHLD 0 249.144531 1587455258.3058
CHLD 1 249.070312 1587455258.3061
CHLD 2 218.101562 1587455258.3061
MEM 860.570312 1587455258.4179
CHLD 0 249.144531 1587455258.4573
CHLD 1 249.070312 1587455258.4574
CHLD 2 218.101562 1587455258.4574
MEM 860.933594 1587455258.5713
CHLD 0 249.144531 1587455258.5945
CHLD 1 249.070312 1587455258.5946
CHLD 2 218.582031 1587455258.5946
MEM 861.539062 1587455258.7044
CHLD 0 249.398438 1587455258.7260
CHLD 1 249.070312 1587455258.7260
CHLD 2 218.816406 1587455258.7260
MEM 864.015625 1587455258.8345
CHLD 0 249.656250 1587455258.8441
CHLD 1 249.324219 1587455258.8441
CHLD 2 220.781250 1587455258.8441
MEM 969.945312 1587455258.9682
CHLD 0 250.171875 1587455258.9816
CHLD 1 249.582031 1587455258.9816
CHLD 2 328.000000 1587455258.9816
MEM 972.511719 1587455259.0911
CHLD 0 250.429688 1587455259.1128
CHLD 1 249.839844 1587455259.1128
CHLD 2 328.246094 1587455259.1129
MEM 972.769531 1587455259.2215
CHLD 0 250.429688 1587455259.2476
CHLD 1 249.839844 1587455259.2476
CHLD 2 328.246094 1587455259.2476
MEM 973.027344 1587455259.3567
CHLD 0 250.429688 1587455259.3906
CHLD 1 250.097656 1587455259.3906
CHLD 2 328.246094 1587455259.3907
MEM 973.285156 1587455259.4995
CHLD 0 250.687500 1587455259.5143
CHLD 1 250.097656 1587455259.5143
CHLD 2 328.246094 1587455259.5143
MEM 973.285156 1587455259.6236
CHLD 0 250.687500 1587455259.6548
CHLD 1 250.097656 1587455259.6549
CHLD 2 328.246094 1587455259.6549
MEM 973.542969 1587455259.7642
CHLD 0 250.945312 1587455259.8067
CHLD 1 250.355469 1587455259.8067
CHLD 2 328.246094 1587455259.8068
MEM 973.800781 1587455259.9155
CHLD 0 250.945312 1587455259.9325
CHLD 1 250.355469 1587455259.9326
CHLD 2 328.246094 1587455259.9326
MEM 973.800781 1587455260.0420
CHLD 0 250.945312 1587455260.0743
CHLD 1 250.355469 1587455260.0743
CHLD 2 328.246094 1587455260.0743
MEM 974.316406 1587455260.1857
CHLD 0 251.203125 1587455260.1964
CHLD 1 250.613281 1587455260.1964
CHLD 2 328.246094 1587455260.1965
MEM 974.316406 1587455260.3050
CHLD 0 251.203125 1587455260.3402
CHLD 1 250.613281 1587455260.3403
CHLD 2 328.246094 1587455260.3403
MEM 974.832031 1587455260.4491
CHLD 0 251.460938 1587455260.4790
CHLD 1 250.871094 1587455260.4791
CHLD 2 328.246094 1587455260.4791
MEM 974.832031 1587455260.5878
CHLD 0 251.460938 1587455260.6122
CHLD 1 250.871094 1587455260.6122
CHLD 2 328.246094 1587455260.6123
MEM 974.832031 1587455260.7211
CHLD 0 251.460938 1587455260.7356
CHLD 1 251.128906 1587455260.7357
CHLD 2 328.246094 1587455260.7357
MEM 975.347656 1587455260.8456
CHLD 0 251.718750 1587455260.8708
CHLD 1 251.128906 1587455260.8708
CHLD 2 328.246094 1587455260.8709
MEM 975.347656 1587455260.9801
CHLD 0 251.718750 1587455260.9931
CHLD 1 251.128906 1587455260.9932
CHLD 2 328.246094 1587455261.0216
MEM 975.605469 1587455261.1322
CHLD 0 251.718750 1587455261.1507
CHLD 1 251.386719 1587455261.1507
CHLD 2 328.246094 1587455261.1507
MEM 975.863281 1587455261.2595
CHLD 0 251.976562 1587455261.2870
CHLD 1 251.386719 1587455261.2871
CHLD 2 328.246094 1587455261.2871
MEM 976.175781 1587455261.3999
CHLD 0 251.976562 1587455261.4298
CHLD 1 251.644531 1587455261.4299
CHLD 2 328.300781 1587455261.4299
MEM 976.402344 1587455261.5428
CHLD 0 251.976562 1587455261.5635
CHLD 1 251.644531 1587455261.5636
CHLD 2 328.527344 1587455261.5636
MEM 977.031250 1587455261.6812
CHLD 0 252.234375 1587455261.6940
CHLD 1 252.160156 1587455261.6940
CHLD 2 328.640625 1587455261.6941
MEM 991.292969 1587455261.8090
CHLD 0 252.492188 1587455261.8358
CHLD 1 252.417969 1587455261.8359
CHLD 2 374.613281 1587455261.8359
MEM 1151.566406 1587455261.9453
CHLD 0 252.750000 1587455261.9599
CHLD 1 252.675781 1587455261.9600
CHLD 2 506.011719 1587455261.9600
MEM 1191.011719 1587455262.0731
CHLD 0 253.007812 1587455262.0873
CHLD 1 252.933594 1587455262.0873
CHLD 2 544.167969 1587455262.0874
MEM 1276.863281 1587455262.2002
CHLD 0 253.265625 1587455262.2307
CHLD 1 253.191406 1587455262.2307
CHLD 2 626.152344 1587455262.2308
MEM 1278.277344 1587455262.3459
CHLD 0 253.972656 1587455262.3667
CHLD 1 253.898438 1587455262.3667
CHLD 2 626.152344 1587455262.3668
MEM 1157.167969 1587455262.4809
CHLD 0 254.230469 1587455262.5002
CHLD 1 253.898438 1587455262.5002
CHLD 2 509.683594 1587455262.5003
MEM 1136.078125 1587455262.6188
CHLD 0 197.820312 1587455262.6290
CHLD 1 254.156250 1587455262.6291
CHLD 2 542.425781 1587455262.6291
MEM 1158.289062 1587455262.7458
CHLD 0 209.230469 1587455262.7616
CHLD 1 197.925781 1587455262.7616
CHLD 2 626.214844 1587455262.7616
MEM 1189.042969 1587455262.8855
CHLD 0 209.238281 1587455262.9324
CHLD 1 209.335938 1587455262.9324
CHLD 2 626.214844 1587455262.9325
MEM 1189.042969 1587455263.0604
CHLD 0 209.238281 1587455263.1036
CHLD 1 209.335938 1587455263.1036
CHLD 2 626.214844 1587455263.1037
MEM 1113.503906 1587455263.2139
CHLD 0 209.238281 1587455263.2456
CHLD 1 209.335938 1587455263.2457
CHLD 2 552.222656 1587455263.2457
MEM 1124.332031 1587455263.3543
CHLD 0 209.238281 1587455263.4052
CHLD 1 209.335938 1587455263.4078
CHLD 2 566.660156 1587455263.4078
MEM 1140.574219 1587455263.5198
CHLD 0 209.265625 1587455263.5713
CHLD 1 209.335938 1587455263.5714
CHLD 2 581.613281 1587455263.5714
MEM 1149.707031 1587455263.6876
CHLD 0 209.464844 1587455263.7513
CHLD 1 209.335938 1587455263.7514
CHLD 2 593.214844 1587455263.7514
MEM 1177.664062 1587455263.8606
CHLD 0 220.289062 1587455263.8980
CHLD 1 209.335938 1587455263.8981
CHLD 2 606.105469 1587455263.8981
MEM 1185.140625 1587455264.0072
CHLD 0 220.289062 1587455264.0534
CHLD 1 209.335938 1587455264.0534
CHLD 2 613.324219 1587455264.0535
MEM 1209.890625 1587455264.1624
CHLD 0 220.289062 1587455264.2320
CHLD 1 209.363281 1587455264.2320
CHLD 2 660.761719 1587455264.2321
MEM 1252.769531 1587455264.3474
CHLD 0 220.289062 1587455264.4137
CHLD 1 209.472656 1587455264.4137
CHLD 2 678.808594 1587455264.4138
MEM 1252.914062 1587455264.5334
CHLD 0 220.503906 1587455264.5779
CHLD 1 209.562500 1587455264.5779
CHLD 2 678.808594 1587455264.5780
MEM 1285.765625 1587455264.6871
CHLD 0 260.207031 1587455264.7256
CHLD 1 220.386719 1587455264.7256
CHLD 2 678.808594 1587455264.7257
MEM 1316.289062 1587455264.8368
CHLD 0 276.707031 1587455264.8754
CHLD 1 220.386719 1587455264.8754
CHLD 2 678.808594 1587455264.8755
MEM 1339.750000 1587455264.9896
CHLD 0 296.300781 1587455265.0304
CHLD 1 220.386719 1587455265.0305
CHLD 2 678.808594 1587455265.0305
MEM 1193.050781 1587455265.1391
CHLD 0 269.546875 1587455265.1617
CHLD 1 220.601562 1587455265.1618
CHLD 2 565.867188 1587455265.1618
MEM 1308.035156 1587455265.2712
CHLD 0 296.359375 1587455265.2840
CHLD 1 280.156250 1587455265.2840
CHLD 2 593.195312 1587455265.2841
MEM 1361.718750 1587455265.4025
CHLD 0 296.359375 1587455265.4195
CHLD 1 295.425781 1587455265.4195
CHLD 2 662.289062 1587455265.4196
MEM 1374.609375 1587455265.5353
CHLD 0 290.171875 1587455265.5451
CHLD 1 274.027344 1587455265.5452
CHLD 2 678.789062 1587455265.5452
MEM 1383.894531 1587455265.6620
CHLD 0 264.394531 1587455265.6800
CHLD 1 296.457031 1587455265.6801
CHLD 2 678.789062 1587455265.6801
MEM 1383.894531 1587455265.7944
CHLD 0 264.394531 1587455265.8141
CHLD 1 296.457031 1587455265.8142
CHLD 2 678.789062 1587455265.8142
MEM 1212.632812 1587455265.9285
CHLD 0 264.394531 1587455265.9480
CHLD 1 264.492188 1587455265.9481
CHLD 2 539.492188 1587455265.9481
MEM 1212.886719 1587455266.0609
CHLD 0 264.394531 1587455266.0762
CHLD 1 264.492188 1587455266.0762
CHLD 2 539.746094 1587455266.0762
MEM 1213.144531 1587455266.1844
CHLD 0 264.394531 1587455266.1946
CHLD 1 264.492188 1587455266.1946
CHLD 2 540.003906 1587455266.1946
MEM 1213.402344 1587455266.3033
CHLD 0 264.394531 1587455266.3174
CHLD 1 264.492188 1587455266.3174
CHLD 2 540.261719 1587455266.3175
MEM 1213.660156 1587455266.4281
CHLD 0 264.394531 1587455266.4427
CHLD 1 264.492188 1587455266.4427
CHLD 2 540.519531 1587455266.4428
MEM 1214.175781 1587455266.5538
CHLD 0 264.394531 1587455266.5698
CHLD 1 264.492188 1587455266.5699
CHLD 2 541.035156 1587455266.5699
MEM 1214.433594 1587455266.6864
CHLD 0 264.394531 1587455266.7006
CHLD 1 264.492188 1587455266.7006
CHLD 2 541.292969 1587455266.7007
MEM 1214.949219 1587455266.8150
CHLD 0 264.394531 1587455266.8232
CHLD 1 264.492188 1587455266.8232
CHLD 2 541.808594 1587455266.8236
MEM 1215.207031 1587455266.9328
CHLD 0 264.394531 1587455266.9470
CHLD 1 264.492188 1587455266.9471
CHLD 2 542.066406 1587455266.9471
MEM 1215.722656 1587455267.0605
CHLD 0 264.394531 1587455267.0719
CHLD 1 264.492188 1587455267.0720
CHLD 2 542.582031 1587455267.0720
MEM 1215.980469 1587455267.1867
CHLD 0 264.394531 1587455267.1974
CHLD 1 264.492188 1587455267.1974
CHLD 2 542.839844 1587455267.1975
MEM 1216.496094 1587455267.3058
CHLD 0 264.394531 1587455267.3211
CHLD 1 264.492188 1587455267.3211
CHLD 2 543.355469 1587455267.3212
MEM 1216.753906 1587455267.4321
CHLD 0 264.394531 1587455267.4465
CHLD 1 264.492188 1587455267.4466
CHLD 2 543.871094 1587455267.4466
MEM 1217.269531 1587455267.5623
CHLD 0 264.394531 1587455267.5745
CHLD 1 264.492188 1587455267.5745
CHLD 2 544.128906 1587455267.5747
MEM 1217.785156 1587455267.6939
CHLD 0 264.394531 1587455267.7064
CHLD 1 264.492188 1587455267.7065
CHLD 2 544.644531 1587455267.7065
MEM 1218.042969 1587455267.8209
CHLD 0 264.394531 1587455267.8315
CHLD 1 264.492188 1587455267.8315
CHLD 2 544.902344 1587455267.8315
MEM 1218.558594 1587455267.9424
CHLD 0 264.394531 1587455267.9546
CHLD 1 264.492188 1587455267.9547
CHLD 2 545.417969 1587455267.9547
MEM 1218.816406 1587455268.0751
CHLD 0 198.781250 1587455268.0869
CHLD 1 264.492188 1587455268.0869
CHLD 2 545.675781 1587455268.0869
MEM 1175.480469 1587455268.2012
CHLD 0 220.542969 1587455268.2099
CHLD 1 264.492188 1587455268.2100
CHLD 2 546.191406 1587455268.2100
MEM 955.199219 1587455268.3194
CHLD 0 264.492188 1587455268.3279
CHLD 1 546.449219 1587455268.3279
MEM 911.683594 1587455268.4368
CHLD 0 220.460938 1587455268.4463
CHLD 1 546.964844 1587455268.4463
MEM 911.941406 1587455268.5554
CHLD 0 220.546875 1587455268.5649
CHLD 1 547.222656 1587455268.5650
MEM 913.054688 1587455268.6754
CHLD 0 221.058594 1587455268.7004
CHLD 1 547.738281 1587455268.7004
MEM 913.054688 1587455268.8098
CHLD 0 221.058594 1587455268.8338
CHLD 1 547.996094 1587455268.8338
MEM 913.312500 1587455268.9429
CHLD 0 221.058594 1587455268.9793
CHLD 1 547.996094 1587455268.9793
MEM 913.742188 1587455269.0861
CHLD 0 221.230469 1587455269.0925
CHLD 1 548.253906 1587455269.0926
MEM 913.742188 1587455269.2056
CHLD 0 221.230469 1587455269.2265
CHLD 1 548.511719 1587455269.2266
MEM 914.000000 1587455269.3393
CHLD 0 221.230469 1587455269.3632
CHLD 1 548.511719 1587455269.3633
MEM 914.000000 1587455269.4725
CHLD 0 221.230469 1587455269.4919
CHLD 1 548.769531 1587455269.4920
MEM 964.546875 1587455269.6013
CHLD 0 280.800781 1587455269.6102
CHLD 1 549.027344 1587455269.6102
MEM 972.667969 1587455269.7195
CHLD 0 280.929688 1587455269.7287
CHLD 1 549.285156 1587455269.7287
MEM 960.808594 1587455269.8373
CHLD 0 280.929688 1587455269.8484
CHLD 1 549.542969 1587455269.8485
MEM 975.246094 1587455269.9593
CHLD 0 280.929688 1587455269.9677
CHLD 1 550.058594 1587455269.9678
MEM 943.539062 1587455270.0770
CHLD 0 248.964844 1587455270.0851
CHLD 1 550.316406 1587455270.0852
MEM 944.054688 1587455270.1941
CHLD 0 248.964844 1587455270.2017
CHLD 1 550.832031 1587455270.2017
MEM 944.570312 1587455270.3111
CHLD 0 248.964844 1587455270.3188
CHLD 1 551.347656 1587455270.3189
MEM 944.828125 1587455270.4272
CHLD 0 248.964844 1587455270.4373
CHLD 1 551.605469 1587455270.4373
MEM 945.343750 1587455270.5470
CHLD 0 248.964844 1587455270.5551
CHLD 1 552.121094 1587455270.5551
MEM 945.601562 1587455270.6634
CHLD 0 248.964844 1587455270.6712
CHLD 1 552.378906 1587455270.6713
MEM 946.117188 1587455270.7799
CHLD 0 248.964844 1587455270.7895
CHLD 1 552.894531 1587455270.7895
MEM 946.375000 1587455270.8989
CHLD 0 248.964844 1587455270.9067
CHLD 1 553.410156 1587455270.9067
MEM 946.890625 1587455271.0155
CHLD 0 248.964844 1587455271.0243
CHLD 1 553.667969 1587455271.0244
MEM 947.406250 1587455271.1331
CHLD 0 248.964844 1587455271.1409
CHLD 1 554.183594 1587455271.1409
MEM 947.664062 1587455271.2493
CHLD 0 248.964844 1587455271.2570
CHLD 1 554.441406 1587455271.2570
MEM 948.179688 1587455271.3666
CHLD 0 248.964844 1587455271.3751
CHLD 1 554.957031 1587455271.3751
MEM 699.472656 1587455271.4836
CHLD 0 0.000000 1587455271.4918
CHLD 1 555.214844 1587455271.4918
MEM 699.988281 1587455271.6004
CHLD 0 0.000000 1587455271.6085
CHLD 1 555.730469 1587455271.6085
MEM 700.246094 1587455271.7170
CHLD 0 0.000000 1587455271.7250
CHLD 1 556.246094 1587455271.7251
MEM 700.761719 1587455271.8317
CHLD 0 0.000000 1587455271.8387
CHLD 1 556.503906 1587455271.8388
MEM 701.277344 1587455271.9450
CHLD 0 0.000000 1587455271.9507
CHLD 1 557.019531 1587455271.9507
MEM 701.535156 1587455272.0570
CHLD 0 0.000000 1587455272.0633
CHLD 1 557.277344 1587455272.0633
MEM 702.050781 1587455272.1704
CHLD 0 0.000000 1587455272.1765
CHLD 1 557.792969 1587455272.1765
MEM 702.566406 1587455272.2829
CHLD 0 0.000000 1587455272.2895
CHLD 1 558.308594 1587455272.2895
MEM 702.824219 1587455272.3967
CHLD 0 0.000000 1587455272.4026
CHLD 1 558.566406 1587455272.4026
MEM 703.339844 1587455272.5109
CHLD 0 0.000000 1587455272.5188
CHLD 1 559.082031 1587455272.5188
MEM 703.597656 1587455272.6276
CHLD 0 0.000000 1587455272.6356
CHLD 1 559.339844 1587455272.6356
MEM 704.113281 1587455272.7447
CHLD 0 0.000000 1587455272.7525
CHLD 1 559.855469 1587455272.7525
MEM 704.628906 1587455272.8606
CHLD 0 0.000000 1587455272.8688
CHLD 1 560.371094 1587455272.8689
MEM 704.886719 1587455272.9769
CHLD 0 0.000000 1587455272.9856
CHLD 1 560.628906 1587455272.9856
MEM 705.402344 1587455273.0944
CHLD 0 0.000000 1587455273.1021
CHLD 1 561.144531 1587455273.1022
MEM 705.660156 1587455273.2104
CHLD 0 0.000000 1587455273.2180
CHLD 1 561.402344 1587455273.2180
MEM 706.175781 1587455273.3267
CHLD 0 0.000000 1587455273.3347
CHLD 1 561.917969 1587455273.3347
MEM 706.691406 1587455273.4432
CHLD 0 0.000000 1587455273.4496
CHLD 1 562.433594 1587455273.4496
MEM 706.949219 1587455273.5559
CHLD 0 0.000000 1587455273.5619
CHLD 1 562.691406 1587455273.5625
MEM 707.464844 1587455273.6689
CHLD 0 0.000000 1587455273.6757
CHLD 1 563.207031 1587455273.6757
MEM 602.691406 1587455273.7822
CHLD 0 0.000000 1587455273.7898
CHLD 1 458.433594 1587455273.7898
MEM 602.691406 1587455273.8974
CHLD 0 0.000000 1587455273.9032
CHLD 1 458.433594 1587455273.9032
MEM 603.449219 1587455274.0117
CHLD 0 0.000000 1587455274.0181
CHLD 1 459.191406 1587455274.0182
MEM 603.707031 1587455274.1246
CHLD 0 0.000000 1587455274.1310
CHLD 1 459.449219 1587455274.1310
MEM 603.964844 1587455274.2372
CHLD 0 0.000000 1587455274.2434
CHLD 1 459.707031 1587455274.2434
MEM 604.222656 1587455274.3504
CHLD 0 0.000000 1587455274.3563
CHLD 1 459.964844 1587455274.3563
MEM 604.480469 1587455274.4636
CHLD 0 0.000000 1587455274.4698
CHLD 1 460.222656 1587455274.4698
MEM 604.738281 1587455274.5766
CHLD 0 0.000000 1587455274.5824
CHLD 1 460.480469 1587455274.5824
MEM 604.996094 1587455274.6895
CHLD 0 0.000000 1587455274.6954
CHLD 1 460.738281 1587455274.6954
MEM 604.996094 1587455274.8039
CHLD 0 0.000000 1587455274.8120
CHLD 1 460.996094 1587455274.8121
MEM 268.738281 1587455274.9195
CHLD 0 0.000000 1587455274.9258
CHLD 1 124.480469 1587455274.9258
MEM 432.476562 1587455275.0344
CHLD 0 0.000000 1587455275.0412
CHLD 1 306.218750 1587455275.0413
MEM 533.460938 1587455275.1484
CHLD 0 0.000000 1587455275.1553
CHLD 1 338.343750 1587455275.1554
MEM 522.796875 1587455275.2618
CHLD 0 0.000000 1587455275.2678
CHLD 1 384.539062 1587455275.2678
MEM 481.058594 1587455275.3748
CHLD 0 0.000000 1587455275.3819
CHLD 1 336.800781 1587455275.3819
MEM 481.058594 1587455275.4886
CHLD 0 0.000000 1587455275.4957
CHLD 1 336.800781 1587455275.4957
MEM 481.058594 1587455275.6024
CHLD 0 0.000000 1587455275.6097
CHLD 1 336.800781 1587455275.6097
MEM 144.453125 1587455275.7203
MEM 144.453125 1587455275.8388
MEM 144.453125 1587455275.9613
MEM 144.453125 1587455276.0890
MEM 144.453125 1587455276.2192
MEM 144.453125 1587455276.3439
MEM 144.453125 1587455276.4699
MEM 144.453125 1587455276.6037
MEM 144.453125 1587455276.7348
MEM 144.453125 1587455276.8654
MEM 144.453125 1587455276.9992
MEM 144.453125 1587455277.1375
MEM 144.453125 1587455277.2645
MEM 144.453125 1587455277.3966
MEM 144.453125 1587455277.5313
MEM 144.453125 1587455277.6648
MEM 144.453125 1587455277.7991
MEM 144.453125 1587455277.9304
MEM 144.453125 1587455278.0607
MEM 144.453125 1587455278.1921
MEM 144.453125 1587455278.3268
MEM 144.453125 1587455278.4639
MEM 144.453125 1587455278.5996
MEM 144.453125 1587455278.7346
MEM 144.453125 1587455278.8710
MEM 144.453125 1587455279.0048
MEM 144.453125 1587455279.1391
MEM 144.453125 1587455279.2681
MEM 144.453125 1587455279.3941
MEM 144.453125 1587455279.5296
MEM 144.453125 1587455279.6653
MEM 144.453125 1587455279.8017
MEM 144.453125 1587455279.9366
MEM 144.453125 1587455280.0764
MEM 144.453125 1587455280.2128
MEM 144.453125 1587455280.3428
MEM 144.453125 1587455280.4629
MEM 144.453125 1587455280.5881
MEM 144.453125 1587455280.7091
MEM 144.453125 1587455280.8407
MEM 144.453125 1587455280.9764
MEM 144.453125 1587455281.1149
MEM 144.453125 1587455281.2494
MEM 144.453125 1587455281.3838
MEM 144.453125 1587455281.5189
MEM 144.453125 1587455281.6523
MEM 144.453125 1587455281.7942
MEM 144.453125 1587455281.9311
MEM 144.453125 1587455282.0640
MEM 144.453125 1587455282.1983
MEM 144.453125 1587455282.3346
MEM 144.453125 1587455282.4687
MEM 144.453125 1587455282.6081
MEM 144.453125 1587455282.7475
MEM 144.453125 1587455282.8838
MEM 144.453125 1587455283.0165
MEM 144.453125 1587455283.1456
MEM 144.453125 1587455283.2787
MEM 144.453125 1587455283.4177
MEM 144.453125 1587455283.5409
MEM 144.453125 1587455283.6559
MEM 144.453125 1587455283.7778
MEM 144.453125 1587455283.9016
MEM 144.453125 1587455284.0270
MEM 144.453125 1587455284.1593
MEM 144.453125 1587455284.2971
MEM 144.453125 1587455284.4356
MEM 144.453125 1587455284.5752
MEM 144.453125 1587455284.7122
MEM 144.453125 1587455284.8454
MEM 144.453125 1587455284.9813
MEM 144.453125 1587455285.1201
MEM 144.453125 1587455285.2525
MEM 144.453125 1587455285.3894
MEM 144.453125 1587455285.5173
MEM 144.453125 1587455285.6440
MEM 144.453125 1587455285.7814
MEM 144.453125 1587455285.9175
MEM 144.453125 1587455286.0564
MEM 144.453125 1587455286.1830
MEM 144.453125 1587455286.3093
MEM 144.453125 1587455286.4400
MEM 144.453125 1587455286.5779
MEM 144.453125 1587455286.7134
MEM 144.453125 1587455286.8504
MEM 144.453125 1587455286.9858
MEM 144.453125 1587455287.1108
MEM 144.453125 1587455287.2366
MEM 144.453125 1587455287.3776
MEM 144.453125 1587455287.5135
MEM 144.453125 1587455287.6528
MEM 144.453125 1587455287.7856
MEM 144.453125 1587455287.9219
MEM 144.453125 1587455288.0590
MEM 144.453125 1587455288.1931
MEM 144.453125 1587455288.3216
MEM 144.453125 1587455288.4361
MEM 144.453125 1587455288.5533
MEM 144.453125 1587455288.6765
MEM 144.453125 1587455288.7906
MEM 144.453125 1587455288.9071
MEM 144.453125 1587455289.0279
MEM 144.453125 1587455289.1471
MEM 144.453125 1587455289.2611
MEM 144.453125 1587455289.3741
MEM 144.453125 1587455289.4898
MEM 144.453125 1587455289.6094
MEM 144.453125 1587455289.7383
MEM 144.453125 1587455289.8628
MEM 144.453125 1587455289.9933
MEM 144.453125 1587455290.1364
MEM 144.453125 1587455290.2560
MEM 144.453125 1587455290.3812
MEM 144.453125 1587455290.5107
MEM 144.453125 1587455290.6552
MEM 144.453125 1587455290.7886
MEM 144.453125 1587455290.9202
MEM 144.453125 1587455291.0587
MEM 144.453125 1587455291.1768
MEM 144.453125 1587455291.2930
MEM 144.453125 1587455291.4202
MEM 144.453125 1587455291.5650
MEM 144.453125 1587455291.6965
MEM 144.453125 1587455291.8307
MEM 144.453125 1587455291.9599
MEM 144.453125 1587455292.0954
MEM 144.453125 1587455292.2300
MEM 144.453125 1587455292.3675
MEM 144.453125 1587455292.5033
MEM 144.453125 1587455292.6396
MEM 144.453125 1587455292.7776
MEM 144.453125 1587455292.9153
MEM 144.453125 1587455293.0512
MEM 144.453125 1587455293.1883
MEM 144.453125 1587455293.3250
MEM 144.453125 1587455293.4406
MEM 144.453125 1587455293.5547
MEM 144.453125 1587455293.6811
MEM 144.453125 1587455293.8142
MEM 144.453125 1587455293.9504
MEM 144.453125 1587455294.0873
MEM 144.453125 1587455294.2239
MEM 144.453125 1587455294.3613
MEM 144.453125 1587455294.4987
MEM 144.453125 1587455294.6361
MEM 144.453125 1587455294.7705
MEM 144.453125 1587455294.9068
MEM 144.453125 1587455295.0449
MEM 144.453125 1587455295.1811
MEM 144.453125 1587455295.3205
MEM 144.453125 1587455295.4567
MEM 144.453125 1587455295.5870
MEM 144.453125 1587455295.7208
MEM 144.453125 1587455295.8439
MEM 144.453125 1587455295.9642
MEM 144.453125 1587455296.0840
MEM 144.453125 1587455296.2116
MEM 144.453125 1587455296.3474
MEM 144.453125 1587455296.4835
MEM 144.453125 1587455296.6177
MEM 144.453125 1587455296.7544
MEM 144.453125 1587455296.8943
MEM 144.453125 1587455297.0299
MEM 144.453125 1587455297.1680
MEM 144.453125 1587455297.3013
MEM 144.453125 1587455297.4393
MEM 144.453125 1587455297.5767
MEM 144.453125 1587455297.7114
MEM 144.453125 1587455297.8486
MEM 144.453125 1587455297.9854
MEM 144.453125 1587455298.1232
MEM 144.453125 1587455298.2592
MEM 144.453125 1587455298.3937
MEM 144.453125 1587455298.5340
MEM 144.453125 1587455298.6681
MEM 144.453125 1587455298.8025
MEM 144.453125 1587455298.9395
MEM 144.453125 1587455299.0775
MEM 144.453125 1587455299.2095
MEM 144.453125 1587455299.3453
MEM 144.453125 1587455299.4630
MEM 144.453125 1587455299.5848
MEM 144.453125 1587455299.7150
MEM 144.453125 1587455299.8512
MEM 144.453125 1587455299.9692
MEM 144.453125 1587455300.0858
MEM 144.453125 1587455300.2134
MEM 144.453125 1587455300.3469
MEM 144.453125 1587455300.4821
MEM 144.453125 1587455300.6183
MEM 144.453125 1587455300.7513
MEM 144.453125 1587455300.8836
MEM 144.453125 1587455301.0043
MEM 144.453125 1587455301.1328
MEM 144.453125 1587455301.2617
MEM 144.453125 1587455301.3952
MEM 144.453125 1587455301.5306
MEM 144.453125 1587455301.6599
MEM 144.453125 1587455301.7973
MEM 144.453125 1587455301.9267
MEM 144.453125 1587455302.0633
MEM 144.453125 1587455302.1942
MEM 144.453125 1587455302.3210
MEM 144.453125 1587455302.4482
MEM 144.453125 1587455302.5780
MEM 144.453125 1587455302.7118
MEM 144.453125 1587455302.8457
MEM 144.453125 1587455302.9798
MEM 144.453125 1587455303.1157
MEM 144.453125 1587455303.2522
MEM 144.453125 1587455303.3870
MEM 144.453125 1587455303.5222
MEM 144.453125 1587455303.6638
MEM 144.453125 1587455303.7950
MEM 144.453125 1587455303.9297
MEM 144.453125 1587455304.0689
MEM 144.453125 1587455304.2021
MEM 144.453125 1587455304.3386
MEM 144.453125 1587455304.4801
MEM 144.453125 1587455304.6084
MEM 144.453125 1587455304.7354
MEM 144.453125 1587455304.8644
MEM 144.453125 1587455304.9968
MEM 144.453125 1587455305.1296
MEM 144.453125 1587455305.2605
MEM 144.453125 1587455305.3976
MEM 144.453125 1587455305.5303
MEM 144.453125 1587455305.6633
MEM 144.453125 1587455305.7945
MEM 144.453125 1587455305.9307
MEM 144.453125 1587455306.0553
MEM 144.453125 1587455306.1836
MEM 144.453125 1587455306.3174
MEM 144.453125 1587455306.4498
MEM 144.453125 1587455306.5866
MEM 144.453125 1587455306.7159
MEM 144.453125 1587455306.8542
MEM 144.453125 1587455306.9784
MEM 144.453125 1587455307.1287
MEM 144.453125 1587455307.2527
MEM 144.453125 1587455307.3933
MEM 144.453125 1587455307.5283
MEM 144.453125 1587455307.6474
MEM 144.453125 1587455307.7708
MEM 144.453125 1587455307.8998
MEM 144.453125 1587455308.0390
MEM 144.453125 1587455308.1745
MEM 144.453125 1587455308.3110
MEM 144.453125 1587455308.4375
MEM 144.453125 1587455308.5527
MEM 144.453125 1587455308.6903
MEM 144.453125 1587455308.8257
MEM 144.453125 1587455308.9675
MEM 144.453125 1587455309.1010
MEM 144.453125 1587455309.2321
MEM 144.453125 1587455309.3625
MEM 144.453125 1587455309.4990
MEM 144.453125 1587455309.6145
MEM 144.453125 1587455309.7457
MEM 144.453125 1587455309.8708
MEM 144.453125 1587455309.9874
MEM 144.453125 1587455310.1157
MEM 144.453125 1587455310.2501
MEM 144.453125 1587455310.3866
MEM 144.453125 1587455310.5268
MEM 144.453125 1587455310.6696
MEM 144.453125 1587455310.8106
MEM 144.453125 1587455310.9446
MEM 144.453125 1587455311.0773
MEM 144.453125 1587455311.2085
MEM 144.453125 1587455311.3481
MEM 144.453125 1587455311.4822
MEM 144.453125 1587455311.6204
