CMDLINE /home/sarvesh/Downloads/HappyMongo/voiceenv/bin/python3 server.py
MEM 1.542969 1587455312.7449
MEM 21.308594 1587455312.8566
MEM 55.703125 1587455312.9743
MEM 68.296875 1587455313.0980
MEM 83.992188 1587455313.2100
MEM 99.851562 1587455313.3222
MEM 110.281250 1587455313.4359
MEM 112.718750 1587455313.5555
MEM 119.429688 1587455313.6742
MEM 128.039062 1587455313.7862
MEM 136.648438 1587455313.8981
MEM 141.988281 1587455314.0111
MEM 141.988281 1587455314.1412
MEM 141.988281 1587455314.2637
MEM 141.988281 1587455314.3761
MEM 141.988281 1587455314.5090
MEM 141.988281 1587455314.6350
MEM 141.988281 1587455314.7571
MEM 141.988281 1587455314.8899
MEM 141.988281 1587455315.0382
MEM 141.988281 1587455315.1694
MEM 141.988281 1587455315.2855
MEM 141.988281 1587455315.3992
MEM 141.988281 1587455315.5163
MEM 143.230469 1587455315.6396
MEM 143.230469 1587455315.7569
MEM 143.230469 1587455315.8749
MEM 143.230469 1587455315.9933
MEM 143.230469 1587455316.1062
MEM 143.230469 1587455316.2209
MEM 143.230469 1587455316.3345
MEM 143.230469 1587455316.4506
MEM 664.402344 1587455316.5694
CHLD 0 157.121094 1587455316.5785
CHLD 1 156.636719 1587455316.5786
CHLD 2 207.117188 1587455316.5786
MEM 670.921875 1587455316.6873
CHLD 0 159.875000 1587455316.7027
CHLD 1 163.097656 1587455316.7028
CHLD 2 209.203125 1587455316.7028
MEM 681.015625 1587455316.8136
CHLD 0 164.171875 1587455316.8602
CHLD 1 164.113281 1587455316.8603
CHLD 2 209.203125 1587455316.8603
MEM 681.015625 1587455316.9719
CHLD 0 164.171875 1587455317.0335
CHLD 1 164.113281 1587455317.0336
CHLD 2 209.203125 1587455317.0336
MEM 681.015625 1587455317.1428
CHLD 0 164.171875 1587455317.1951
CHLD 1 164.113281 1587455317.1951
CHLD 2 209.203125 1587455317.1952
MEM 681.015625 1587455317.3068
CHLD 0 164.171875 1587455317.3614
CHLD 1 164.113281 1587455317.3615
CHLD 2 209.203125 1587455317.3615
MEM 681.195312 1587455317.4713
CHLD 0 164.171875 1587455317.5112
CHLD 1 164.292969 1587455317.5113
CHLD 2 209.203125 1587455317.5113
MEM 682.144531 1587455317.6268
CHLD 0 164.886719 1587455317.6679
CHLD 1 164.941406 1587455317.6680
CHLD 2 209.203125 1587455317.6680
MEM 724.773438 1587455317.7800
CHLD 0 187.722656 1587455317.7937
CHLD 1 187.914062 1587455317.7937
CHLD 2 209.203125 1587455317.7937
MEM 728.609375 1587455317.9021
CHLD 0 187.964844 1587455317.9307
CHLD 1 187.914062 1587455317.9307
CHLD 2 209.203125 1587455317.9308
MEM 729.957031 1587455318.0421
CHLD 0 187.964844 1587455318.0774
CHLD 1 187.914062 1587455318.0774
CHLD 2 210.550781 1587455318.0775
MEM 729.957031 1587455318.1859
CHLD 0 187.964844 1587455318.2198
CHLD 1 187.914062 1587455318.2198
CHLD 2 210.550781 1587455318.2198
MEM 730.984375 1587455318.3291
CHLD 0 187.964844 1587455318.3595
CHLD 1 187.914062 1587455318.3596
CHLD 2 213.218750 1587455318.3596
MEM 732.992188 1587455318.4691
CHLD 0 188.128906 1587455318.4956
CHLD 1 187.914062 1587455318.4956
CHLD 2 213.476562 1587455318.4957
MEM 735.542969 1587455318.6043
CHLD 0 188.296875 1587455318.6227
CHLD 1 188.191406 1587455318.6228
CHLD 2 215.640625 1587455318.6228
MEM 748.875000 1587455318.7327
CHLD 0 210.554688 1587455318.7756
CHLD 1 210.621094 1587455318.7757
CHLD 2 217.945312 1587455318.7757
MEM 849.421875 1587455318.8847
CHLD 0 251.804688 1587455318.9048
CHLD 1 248.777344 1587455318.9048
CHLD 2 217.945312 1587455318.9049
MEM 878.812500 1587455319.0147
CHLD 0 276.554688 1587455319.0452
CHLD 1 255.738281 1587455319.0452
CHLD 2 217.945312 1587455319.0453
MEM 903.304688 1587455319.1585
CHLD 0 280.679688 1587455319.1876
CHLD 1 263.472656 1587455319.1876
CHLD 2 217.945312 1587455319.1876
MEM 893.062500 1587455319.2973
CHLD 0 252.390625 1587455319.3266
CHLD 1 280.746094 1587455319.3266
CHLD 2 217.945312 1587455319.3266
MEM 903.375000 1587455319.4355
CHLD 0 263.476562 1587455319.4613
CHLD 1 280.746094 1587455319.4613
CHLD 2 217.945312 1587455319.4613
MEM 891.843750 1587455319.5715
CHLD 0 280.750000 1587455319.5980
CHLD 1 251.425781 1587455319.5980
CHLD 2 217.945312 1587455319.5981
MEM 899.062500 1587455319.7071
CHLD 0 280.750000 1587455319.7371
CHLD 1 258.386719 1587455319.7372
CHLD 2 217.945312 1587455319.7529
MEM 894.679688 1587455319.8684
CHLD 0 256.773438 1587455319.9026
CHLD 1 280.816406 1587455319.9026
CHLD 2 217.945312 1587455319.9027
MEM 914.273438 1587455320.0163
CHLD 0 280.750000 1587455320.0536
CHLD 1 280.816406 1587455320.0536
CHLD 2 217.945312 1587455320.0537
MEM 899.578125 1587455320.1768
CHLD 0 258.781250 1587455320.2211
CHLD 1 261.222656 1587455320.2212
CHLD 2 217.945312 1587455320.2212
MEM 899.320312 1587455320.3310
CHLD 0 260.898438 1587455320.3555
CHLD 1 280.816406 1587455320.3555
CHLD 2 217.945312 1587455320.3555
MEM 923.039062 1587455320.4734
CHLD 0 280.750000 1587455320.4948
CHLD 1 280.816406 1587455320.4949
CHLD 2 217.945312 1587455320.4949
MEM 863.746094 1587455320.6039
CHLD 0 248.785156 1587455320.6415
CHLD 1 255.292969 1587455320.6415
CHLD 2 217.945312 1587455320.6416
MEM 874.316406 1587455320.7503
CHLD 0 248.785156 1587455320.7744
CHLD 1 267.152344 1587455320.7745
CHLD 2 217.945312 1587455320.7745
MEM 891.074219 1587455320.8841
CHLD 0 248.785156 1587455320.9009
CHLD 1 280.816406 1587455320.9009
CHLD 2 217.945312 1587455320.9010
MEM 891.074219 1587455321.0102
CHLD 0 248.785156 1587455321.0326
CHLD 1 280.816406 1587455321.0327
CHLD 2 217.945312 1587455321.0327
MEM 859.109375 1587455321.1418
CHLD 0 248.785156 1587455321.1623
CHLD 1 248.851562 1587455321.1623
CHLD 2 217.945312 1587455321.1624
MEM 859.406250 1587455321.2708
CHLD 0 248.785156 1587455321.2873
CHLD 1 248.851562 1587455321.2874
CHLD 2 218.242188 1587455321.2874
MEM 859.523438 1587455321.3960
CHLD 0 248.785156 1587455321.4122
CHLD 1 248.851562 1587455321.4123
CHLD 2 218.476562 1587455321.4123
MEM 860.011719 1587455321.5216
CHLD 0 249.039062 1587455321.5298
CHLD 1 248.851562 1587455321.5299
CHLD 2 218.593750 1587455321.5299
MEM 860.562500 1587455321.6382
CHLD 0 249.296875 1587455321.6467
CHLD 1 248.851562 1587455321.6467
CHLD 2 218.886719 1587455321.6467
MEM 862.578125 1587455321.7553
CHLD 0 249.554688 1587455321.7635
CHLD 1 248.851562 1587455321.7636
CHLD 2 220.644531 1587455321.7636
MEM 919.003906 1587455321.8737
CHLD 0 249.812500 1587455321.8846
CHLD 1 249.105469 1587455321.8847
CHLD 2 287.386719 1587455321.8847
MEM 971.066406 1587455321.9978
CHLD 0 250.070312 1587455322.0130
CHLD 1 249.363281 1587455322.0131
CHLD 2 328.105469 1587455322.0131
MEM 971.324219 1587455322.1226
CHLD 0 250.070312 1587455322.1570
CHLD 1 249.621094 1587455322.1571
CHLD 2 328.105469 1587455322.1571
MEM 971.582031 1587455322.2686
CHLD 0 250.328125 1587455322.2907
CHLD 1 249.621094 1587455322.3071
CHLD 2 328.105469 1587455322.3073
MEM 971.839844 1587455322.4182
CHLD 0 250.328125 1587455322.4497
CHLD 1 249.878906 1587455322.4498
CHLD 2 328.105469 1587455322.4498
MEM 972.097656 1587455322.5612
CHLD 0 250.585938 1587455322.6057
CHLD 1 249.878906 1587455322.6058
CHLD 2 328.105469 1587455322.6059
MEM 972.355469 1587455322.7178
CHLD 0 250.585938 1587455322.7439
CHLD 1 250.136719 1587455322.7439
CHLD 2 328.105469 1587455322.7440
MEM 972.613281 1587455322.8524
CHLD 0 250.843750 1587455322.8786
CHLD 1 250.136719 1587455322.8786
CHLD 2 328.105469 1587455322.8786
MEM 972.613281 1587455322.9944
CHLD 0 251.101562 1587455323.0485
CHLD 1 250.394531 1587455323.0486
CHLD 2 328.105469 1587455323.0486
MEM 973.128906 1587455323.1620
CHLD 0 251.101562 1587455323.2080
CHLD 1 250.394531 1587455323.2080
CHLD 2 328.105469 1587455323.2081
MEM 973.386719 1587455323.3187
CHLD 0 251.359375 1587455323.3596
CHLD 1 250.652344 1587455323.3597
CHLD 2 328.105469 1587455323.3597
MEM 973.644531 1587455323.4694
CHLD 0 251.359375 1587455323.4830
CHLD 1 250.652344 1587455323.4830
CHLD 2 328.105469 1587455323.4831
MEM 973.902344 1587455323.5924
CHLD 0 251.617188 1587455323.6199
CHLD 1 250.910156 1587455323.6199
CHLD 2 328.105469 1587455323.6200
MEM 974.160156 1587455323.7304
CHLD 0 251.617188 1587455323.7602
CHLD 1 250.910156 1587455323.7603
CHLD 2 328.105469 1587455323.7603
MEM 974.417969 1587455323.8698
CHLD 0 251.875000 1587455323.9075
CHLD 1 251.167969 1587455323.9076
CHLD 2 328.105469 1587455323.9076
MEM 974.675781 1587455324.0178
CHLD 0 251.875000 1587455324.0448
CHLD 1 251.167969 1587455324.0449
CHLD 2 328.105469 1587455324.0449
MEM 974.730469 1587455324.1533
CHLD 0 251.875000 1587455324.1710
CHLD 1 251.167969 1587455324.1711
CHLD 2 328.160156 1587455324.1711
MEM 975.300781 1587455324.2807
CHLD 0 252.132812 1587455324.3063
CHLD 1 251.425781 1587455324.3064
CHLD 2 328.214844 1587455324.3064
MEM 975.558594 1587455324.4158
CHLD 0 252.132812 1587455324.4384
CHLD 1 251.683594 1587455324.4384
CHLD 2 328.214844 1587455324.4385
MEM 976.101562 1587455324.5480
CHLD 0 252.390625 1587455324.5621
CHLD 1 251.941406 1587455324.5622
CHLD 2 328.500000 1587455324.5622
MEM 1029.253906 1587455324.6784
CHLD 0 252.906250 1587455324.6928
CHLD 1 252.199219 1587455324.6928
CHLD 2 395.058594 1587455324.6929
MEM 1159.824219 1587455324.8079
CHLD 0 253.464844 1587455324.8161
CHLD 1 252.457031 1587455324.8161
CHLD 2 512.996094 1587455324.8161
MEM 1200.343750 1587455324.9311
CHLD 0 253.464844 1587455324.9398
CHLD 1 252.714844 1587455324.9398
CHLD 2 552.699219 1587455324.9398
MEM 1276.140625 1587455325.0547
CHLD 0 253.722656 1587455325.0688
CHLD 1 252.972656 1587455325.0688
CHLD 2 625.917969 1587455325.0689
MEM 1222.429688 1587455325.1865
CHLD 0 208.652344 1587455325.2060
CHLD 1 253.289062 1587455325.2060
CHLD 2 625.917969 1587455325.2061
MEM 1120.667969 1587455325.3242
CHLD 0 208.734375 1587455325.3412
CHLD 1 253.289062 1587455325.3413
CHLD 2 518.468750 1587455325.3413
MEM 1159.066406 1587455325.4560
CHLD 0 208.734375 1587455325.4712
CHLD 1 253.789062 1587455325.4713
CHLD 2 556.367188 1587455325.4713
MEM 1153.406250 1587455325.5848
CHLD 0 208.734375 1587455325.6185
CHLD 1 205.851562 1587455325.6186
CHLD 2 623.656250 1587455325.6186
MEM 1187.046875 1587455325.7290
CHLD 0 208.734375 1587455325.7582
CHLD 1 208.808594 1587455325.7582
CHLD 2 625.976562 1587455325.7583
MEM 1187.046875 1587455325.8717
CHLD 0 208.734375 1587455325.9023
CHLD 1 208.808594 1587455325.9023
CHLD 2 625.976562 1587455325.9024
MEM 1187.128906 1587455326.0121
CHLD 0 208.734375 1587455326.0376
CHLD 1 208.890625 1587455326.0376
CHLD 2 625.976562 1587455326.0376
MEM 1187.292969 1587455326.1597
CHLD 0 208.898438 1587455326.1782
CHLD 1 208.890625 1587455326.1783
CHLD 2 625.976562 1587455326.1783
MEM 1198.117188 1587455326.2925
CHLD 0 219.722656 1587455326.3297
CHLD 1 208.890625 1587455326.3298
CHLD 2 625.976562 1587455326.3298
MEM 1076.429688 1587455326.4421
CHLD 0 219.722656 1587455326.4884
CHLD 1 208.890625 1587455326.4885
CHLD 2 520.789062 1587455326.4885
MEM 1122.578125 1587455326.5980
CHLD 0 219.722656 1587455326.6368
CHLD 1 208.890625 1587455326.6368
CHLD 2 551.984375 1587455326.6368
MEM 1130.570312 1587455326.7464
CHLD 0 219.722656 1587455326.7828
CHLD 1 208.890625 1587455326.7829
CHLD 2 559.718750 1587455326.7829
MEM 1138.046875 1587455326.8932
CHLD 0 219.722656 1587455326.9343
CHLD 1 208.890625 1587455326.9343
CHLD 2 568.742188 1587455326.9344
MEM 1147.027344 1587455327.0433
CHLD 0 219.937500 1587455327.0852
CHLD 1 208.917969 1587455327.0853
CHLD 2 576.734375 1587455327.0853
MEM 1214.996094 1587455327.1940
CHLD 0 269.953125 1587455327.2027
CHLD 1 209.054688 1587455327.2028
CHLD 2 595.812500 1587455327.2028
MEM 1242.636719 1587455327.3181
CHLD 0 269.753906 1587455327.3467
CHLD 1 219.878906 1587455327.3468
CHLD 2 626.234375 1587455327.3468
MEM 1318.691406 1587455327.4560
CHLD 0 295.792969 1587455327.5048
CHLD 1 219.878906 1587455327.5049
CHLD 2 678.570312 1587455327.5049
MEM 1337.769531 1587455327.6136
CHLD 0 263.828125 1587455327.6382
CHLD 1 219.878906 1587455327.6382
CHLD 2 678.570312 1587455327.6383
MEM 1317.402344 1587455327.7469
CHLD 0 275.425781 1587455327.7595
CHLD 1 219.878906 1587455327.7595
CHLD 2 678.570312 1587455327.7596
MEM 1327.832031 1587455327.8732
CHLD 0 266.144531 1587455327.8825
CHLD 1 242.011719 1587455327.8826
CHLD 2 678.570312 1587455327.8826
MEM 1286.660156 1587455328.0033
CHLD 0 263.828125 1587455328.0181
CHLD 1 295.890625 1587455328.0181
CHLD 2 555.058594 1587455328.0182
MEM 1278.988281 1587455328.1337
CHLD 0 263.828125 1587455328.1434
CHLD 1 295.949219 1587455328.1434
CHLD 2 583.933594 1587455328.1435
MEM 1294.199219 1587455328.2552
CHLD 0 263.828125 1587455328.2696
CHLD 1 282.285156 1587455328.2696
CHLD 2 613.324219 1587455328.2697
MEM 1357.105469 1587455328.3881
CHLD 0 263.828125 1587455328.4039
CHLD 1 274.550781 1587455328.4039
CHLD 2 678.550781 1587455328.4040
MEM 1349.890625 1587455328.5202
CHLD 0 263.828125 1587455328.5358
CHLD 1 263.984375 1587455328.5358
CHLD 2 678.550781 1587455328.5359
MEM 1349.890625 1587455328.6540
CHLD 0 263.828125 1587455328.6635
CHLD 1 263.984375 1587455328.6635
CHLD 2 551.191406 1587455328.6635
MEM 1210.593750 1587455328.7721
CHLD 0 263.828125 1587455328.7861
CHLD 1 263.984375 1587455328.7862
CHLD 2 539.253906 1587455328.7862
MEM 1210.847656 1587455328.8989
CHLD 0 263.828125 1587455328.9106
CHLD 1 263.984375 1587455328.9107
CHLD 2 539.507812 1587455328.9107
MEM 1211.105469 1587455329.0198
CHLD 0 263.828125 1587455329.0319
CHLD 1 263.984375 1587455329.0319
CHLD 2 539.765625 1587455329.0321
MEM 1211.363281 1587455329.1429
CHLD 0 263.828125 1587455329.1553
CHLD 1 263.984375 1587455329.1554
CHLD 2 540.281250 1587455329.1554
MEM 1211.878906 1587455329.2691
CHLD 0 263.828125 1587455329.2840
CHLD 1 263.984375 1587455329.2840
CHLD 2 540.539062 1587455329.2840
MEM 1212.136719 1587455329.4021
CHLD 0 263.828125 1587455329.4145
CHLD 1 263.984375 1587455329.4146
CHLD 2 540.796875 1587455329.4146
MEM 1212.394531 1587455329.5289
CHLD 0 263.828125 1587455329.5371
CHLD 1 263.984375 1587455329.5371
CHLD 2 541.054688 1587455329.5371
MEM 1212.652344 1587455329.6487
CHLD 0 263.828125 1587455329.6610
CHLD 1 263.984375 1587455329.6610
CHLD 2 541.312500 1587455329.6611
MEM 1212.910156 1587455329.7726
CHLD 0 263.828125 1587455329.7866
CHLD 1 263.984375 1587455329.7866
CHLD 2 541.570312 1587455329.7867
MEM 1213.167969 1587455329.8961
CHLD 0 263.828125 1587455329.9090
CHLD 1 263.984375 1587455329.9090
CHLD 2 541.828125 1587455329.9091
MEM 1169.628906 1587455330.0183
CHLD 0 220.031250 1587455330.0291
CHLD 1 263.984375 1587455330.0291
CHLD 2 542.085938 1587455330.0292
MEM 949.863281 1587455330.1356
CHLD 0 263.984375 1587455330.1417
CHLD 1 542.343750 1587455330.1417
MEM 950.121094 1587455330.2499
CHLD 0 263.984375 1587455330.2589
CHLD 1 542.601562 1587455330.2589
MEM 950.636719 1587455330.3688
CHLD 0 263.984375 1587455330.3774
CHLD 1 543.117188 1587455330.3774
MEM 950.894531 1587455330.4860
CHLD 0 263.984375 1587455330.4941
CHLD 1 543.375000 1587455330.4942
MEM 951.410156 1587455330.6024
CHLD 0 263.984375 1587455330.6121
CHLD 1 543.890625 1587455330.6122
MEM 951.667969 1587455330.7210
CHLD 0 263.984375 1587455330.7289
CHLD 1 544.148438 1587455330.7290
MEM 908.152344 1587455330.8384
CHLD 0 219.953125 1587455330.8470
CHLD 1 544.664062 1587455330.8470
MEM 909.183594 1587455330.9556
CHLD 0 220.468750 1587455330.9638
CHLD 1 545.179688 1587455330.9639
MEM 909.699219 1587455331.0730
CHLD 0 220.726562 1587455331.1064
CHLD 1 545.437500 1587455331.1065
MEM 909.957031 1587455331.2231
CHLD 0 220.726562 1587455331.2404
CHLD 1 545.695312 1587455331.2405
MEM 909.957031 1587455331.3527
CHLD 0 220.726562 1587455331.3871
CHLD 1 545.695312 1587455331.3871
MEM 910.238281 1587455331.4956
CHLD 0 220.750000 1587455331.5233
CHLD 1 545.953125 1587455331.5233
MEM 910.496094 1587455331.6324
CHLD 0 220.750000 1587455331.6535
CHLD 1 546.468750 1587455331.6536
MEM 910.753906 1587455331.7646
CHLD 0 220.750000 1587455331.7916
CHLD 1 546.468750 1587455331.7916
MEM 911.011719 1587455331.8999
CHLD 0 220.750000 1587455331.9080
CHLD 1 546.726562 1587455331.9081
MEM 971.082031 1587455332.0185
CHLD 0 280.304688 1587455332.0283
CHLD 1 547.242188 1587455332.0283
MEM 971.726562 1587455332.1379
CHLD 0 280.433594 1587455332.1478
CHLD 1 547.757812 1587455332.1478
MEM 971.984375 1587455332.2591
CHLD 0 280.433594 1587455332.2680
CHLD 1 548.015625 1587455332.2680
MEM 972.500000 1587455332.3794
CHLD 0 248.468750 1587455332.3899
CHLD 1 548.531250 1587455332.3899
MEM 940.792969 1587455332.4991
CHLD 0 248.468750 1587455332.5070
CHLD 1 548.789062 1587455332.5070
MEM 941.308594 1587455332.6151
CHLD 0 248.468750 1587455332.6248
CHLD 1 549.304688 1587455332.6249
MEM 941.566406 1587455332.7333
CHLD 0 248.468750 1587455332.7422
CHLD 1 549.820312 1587455332.7423
MEM 942.082031 1587455332.8512
CHLD 0 248.468750 1587455332.8589
CHLD 1 550.078125 1587455332.8590
MEM 942.597656 1587455332.9672
CHLD 0 248.468750 1587455332.9750
CHLD 1 550.593750 1587455332.9751
MEM 942.855469 1587455333.0847
CHLD 0 248.468750 1587455333.0935
CHLD 1 550.851562 1587455333.0935
MEM 943.371094 1587455333.2016
CHLD 0 248.468750 1587455333.2111
CHLD 1 551.367188 1587455333.2111
MEM 943.628906 1587455333.3209
CHLD 0 248.468750 1587455333.3290
CHLD 1 551.882812 1587455333.3290
MEM 944.144531 1587455333.4380
CHLD 0 248.468750 1587455333.4462
CHLD 1 552.140625 1587455333.4463
MEM 944.660156 1587455333.5548
CHLD 0 248.468750 1587455333.5640
CHLD 1 552.656250 1587455333.5641
MEM 944.917969 1587455333.6730
CHLD 0 248.468750 1587455333.6811
CHLD 1 552.914062 1587455333.6812
MEM 948.523438 1587455333.7912
CHLD 0 0.000000 1587455333.7987
CHLD 1 553.429688 1587455333.7988
MEM 697.222656 1587455333.9052
CHLD 0 0.000000 1587455333.9118
CHLD 1 553.687500 1587455333.9119
MEM 697.738281 1587455334.0181
CHLD 0 0.000000 1587455334.0244
CHLD 1 554.203125 1587455334.0245
MEM 697.996094 1587455334.1312
CHLD 0 0.000000 1587455334.1380
CHLD 1 554.460938 1587455334.1381
MEM 698.511719 1587455334.2445
CHLD 0 0.000000 1587455334.2507
CHLD 1 554.976562 1587455334.2507
MEM 699.027344 1587455334.3576
CHLD 0 0.000000 1587455334.3634
CHLD 1 555.492188 1587455334.3635
MEM 699.285156 1587455334.4697
CHLD 0 0.000000 1587455334.4768
CHLD 1 555.750000 1587455334.4768
MEM 699.800781 1587455334.5830
CHLD 0 0.000000 1587455334.5902
CHLD 1 556.265625 1587455334.5902
MEM 700.058594 1587455334.6975
CHLD 0 0.000000 1587455334.7041
CHLD 1 556.523438 1587455334.7042
MEM 700.574219 1587455334.8114
CHLD 0 0.000000 1587455334.8175
CHLD 1 557.039062 1587455334.8175
MEM 700.832031 1587455334.9244
CHLD 0 0.000000 1587455334.9309
CHLD 1 557.554688 1587455334.9309
MEM 701.347656 1587455335.0374
CHLD 0 0.000000 1587455335.0432
CHLD 1 557.812500 1587455335.0433
MEM 701.863281 1587455335.1497
CHLD 0 0.000000 1587455335.1566
CHLD 1 558.328125 1587455335.1567
MEM 702.121094 1587455335.2650
CHLD 0 0.000000 1587455335.2709
CHLD 1 558.585938 1587455335.2710
MEM 702.636719 1587455335.3803
CHLD 0 0.000000 1587455335.3880
CHLD 1 559.101562 1587455335.3880
MEM 702.894531 1587455335.4943
CHLD 0 0.000000 1587455335.5012
CHLD 1 559.359375 1587455335.5013
MEM 703.410156 1587455335.6074
CHLD 0 0.000000 1587455335.6143
CHLD 1 559.875000 1587455335.6143
MEM 703.925781 1587455335.7217
CHLD 0 0.000000 1587455335.7278
CHLD 1 560.390625 1587455335.7279
MEM 704.183594 1587455335.8352
CHLD 0 0.000000 1587455335.8420
CHLD 1 560.648438 1587455335.8420
MEM 704.699219 1587455335.9482
CHLD 0 0.000000 1587455335.9544
CHLD 1 561.164062 1587455335.9544
MEM 705.214844 1587455336.0606
CHLD 0 0.000000 1587455336.0668
CHLD 1 561.679688 1587455336.0669
MEM 705.472656 1587455336.1745
CHLD 0 0.000000 1587455336.1809
CHLD 1 561.937500 1587455336.1810
MEM 705.988281 1587455336.2882
CHLD 0 0.000000 1587455336.2943
CHLD 1 562.453125 1587455336.2943
MEM 706.246094 1587455336.4009
CHLD 0 0.000000 1587455336.4071
CHLD 1 562.710938 1587455336.4071
MEM 706.761719 1587455336.5138
CHLD 0 0.000000 1587455336.5197
CHLD 1 563.226562 1587455336.5197
MEM 601.730469 1587455336.6262
CHLD 0 0.000000 1587455336.6320
CHLD 1 458.195312 1587455336.6321
MEM 602.285156 1587455336.7384
CHLD 0 0.000000 1587455336.7451
CHLD 1 458.750000 1587455336.7451
MEM 602.542969 1587455336.8516
CHLD 0 0.000000 1587455336.8586
CHLD 1 459.007812 1587455336.8586
MEM 602.800781 1587455336.9648
CHLD 0 0.000000 1587455336.9707
CHLD 1 459.265625 1587455336.9707
MEM 603.058594 1587455337.0794
CHLD 0 0.000000 1587455337.0852
CHLD 1 459.523438 1587455337.0853
MEM 603.316406 1587455337.1919
CHLD 0 0.000000 1587455337.1979
CHLD 1 459.781250 1587455337.1979
MEM 603.316406 1587455337.3043
CHLD 0 0.000000 1587455337.3106
CHLD 1 460.039062 1587455337.3106
MEM 603.574219 1587455337.4168
CHLD 0 0.000000 1587455337.4239
CHLD 1 460.296875 1587455337.4240
MEM 603.832031 1587455337.5306
CHLD 0 0.000000 1587455337.5375
CHLD 1 460.554688 1587455337.5375
MEM 580.171875 1587455337.6450
CHLD 0 0.000000 1587455337.6521
CHLD 1 436.636719 1587455337.6522
MEM 475.347656 1587455337.7606
CHLD 0 0.000000 1587455337.7670
CHLD 1 338.238281 1587455337.7670
MEM 498.535156 1587455337.8739
CHLD 0 0.000000 1587455337.8800
CHLD 1 361.000000 1587455337.8800
MEM 532.535156 1587455337.9890
CHLD 0 0.000000 1587455337.9960
CHLD 1 339.000000 1587455337.9960
MEM 480.023438 1587455338.1038
CHLD 0 0.000000 1587455338.1106
CHLD 1 336.488281 1587455338.1107
MEM 143.535156 1587455338.2178
MEM 143.808594 1587455338.3300
MEM 143.808594 1587455338.4428
MEM 143.808594 1587455338.5619
MEM 143.808594 1587455338.6868
MEM 143.808594 1587455338.8195
MEM 143.808594 1587455338.9538
MEM 143.808594 1587455339.0850
MEM 143.808594 1587455339.2207
MEM 143.808594 1587455339.3534
MEM 143.808594 1587455339.4860
MEM 143.808594 1587455339.6219
MEM 143.808594 1587455339.7548
MEM 143.808594 1587455339.8755
MEM 143.808594 1587455339.9990
MEM 143.808594 1587455340.1227
MEM 143.808594 1587455340.2597
MEM 143.808594 1587455340.3956
MEM 143.808594 1587455340.5298
MEM 143.808594 1587455340.6593
MEM 143.808594 1587455340.7942
MEM 143.808594 1587455340.9295
MEM 143.808594 1587455341.0657
MEM 143.808594 1587455341.1934
MEM 143.808594 1587455341.3227
MEM 143.808594 1587455341.4407
MEM 143.808594 1587455341.5544
MEM 143.808594 1587455341.6815
MEM 143.808594 1587455341.8205
MEM 143.808594 1587455341.9626
MEM 143.808594 1587455342.1044
MEM 143.808594 1587455342.2410
MEM 143.808594 1587455342.3750
MEM 143.808594 1587455342.5097
MEM 143.808594 1587455342.6386
MEM 143.808594 1587455342.7703
MEM 143.808594 1587455342.9073
MEM 143.808594 1587455343.0424
MEM 143.808594 1587455343.1763
MEM 143.808594 1587455343.3152
MEM 143.808594 1587455343.4313
MEM 143.808594 1587455343.5444
MEM 143.808594 1587455343.6713
MEM 143.808594 1587455343.8027
MEM 143.808594 1587455343.9349
MEM 143.808594 1587455344.0676
MEM 143.808594 1587455344.1990
MEM 143.808594 1587455344.3367
MEM 143.808594 1587455344.4740
MEM 143.808594 1587455344.6058
MEM 143.808594 1587455344.7451
MEM 143.808594 1587455344.8777
MEM 143.808594 1587455345.0088
MEM 143.808594 1587455345.1376
MEM 143.808594 1587455345.2711
MEM 143.808594 1587455345.4036
MEM 143.808594 1587455345.5387
MEM 143.808594 1587455345.6774
MEM 143.808594 1587455345.8093
MEM 143.808594 1587455345.9388
MEM 143.808594 1587455346.0718
MEM 143.808594 1587455346.1919
MEM 143.808594 1587455346.3128
MEM 143.808594 1587455346.4372
MEM 143.808594 1587455346.5624
MEM 143.808594 1587455346.6813
MEM 143.808594 1587455346.8067
MEM 143.808594 1587455346.9410
MEM 143.808594 1587455347.0722
MEM 143.808594 1587455347.2054
MEM 143.808594 1587455347.3386
MEM 143.808594 1587455347.4725
MEM 143.808594 1587455347.6082
MEM 143.808594 1587455347.7444
MEM 143.808594 1587455347.8779
MEM 143.808594 1587455348.0089
MEM 143.808594 1587455348.1425
MEM 143.808594 1587455348.2765
MEM 143.808594 1587455348.4179
MEM 143.808594 1587455348.5537
MEM 143.808594 1587455348.6908
MEM 143.808594 1587455348.8318
MEM 143.808594 1587455348.9519
MEM 143.808594 1587455349.0808
MEM 143.808594 1587455349.2107
MEM 143.808594 1587455349.3451
MEM 143.808594 1587455349.4801
MEM 143.808594 1587455349.6161
MEM 143.808594 1587455349.7499
MEM 143.808594 1587455349.8885
MEM 143.808594 1587455350.0253
MEM 143.808594 1587455350.1521
MEM 143.808594 1587455350.2797
MEM 143.808594 1587455350.4126
MEM 143.808594 1587455350.5461
MEM 143.808594 1587455350.6810
MEM 143.808594 1587455350.8196
MEM 143.808594 1587455350.9561
MEM 143.808594 1587455351.0957
MEM 143.808594 1587455351.2273
MEM 143.808594 1587455351.3644
MEM 143.808594 1587455351.5040
MEM 143.808594 1587455351.6377
MEM 143.808594 1587455351.7694
MEM 143.808594 1587455351.8993
MEM 143.808594 1587455352.0267
MEM 143.808594 1587455352.1624
MEM 143.808594 1587455352.2966
MEM 143.808594 1587455352.4171
MEM 143.808594 1587455352.5451
MEM 143.808594 1587455352.6731
MEM 143.808594 1587455352.8117
MEM 143.808594 1587455352.9521
MEM 143.808594 1587455353.0907
MEM 143.808594 1587455353.2211
MEM 143.808594 1587455353.3572
MEM 143.808594 1587455353.4903
MEM 143.808594 1587455353.6243
MEM 143.808594 1587455353.7556
MEM 143.808594 1587455353.8758
MEM 143.808594 1587455354.0003
MEM 143.808594 1587455354.1380
MEM 143.808594 1587455354.2549
MEM 143.808594 1587455354.3765
MEM 143.808594 1587455354.4971
MEM 143.808594 1587455354.6233
MEM 143.808594 1587455354.7546
MEM 143.808594 1587455354.8838
MEM 143.808594 1587455355.0180
MEM 143.808594 1587455355.1533
MEM 143.808594 1587455355.2905
MEM 143.808594 1587455355.4222
MEM 143.808594 1587455355.5451
MEM 143.808594 1587455355.6728
MEM 143.808594 1587455355.8073
MEM 143.808594 1587455355.9389
MEM 143.808594 1587455356.0636
MEM 143.808594 1587455356.1807
MEM 143.808594 1587455356.2986
MEM 143.808594 1587455356.4278
MEM 143.808594 1587455356.5671
MEM 143.808594 1587455356.6903
MEM 143.808594 1587455356.8129
MEM 143.808594 1587455356.9386
MEM 143.808594 1587455357.0659
MEM 143.808594 1587455357.2037
MEM 143.808594 1587455357.3393
MEM 143.808594 1587455357.4735
MEM 143.808594 1587455357.6120
MEM 143.808594 1587455357.7455
MEM 143.808594 1587455357.8766
MEM 143.808594 1587455358.0166
MEM 143.808594 1587455358.1489
MEM 143.808594 1587455358.2898
MEM 143.808594 1587455358.4246
MEM 143.808594 1587455358.5658
MEM 143.808594 1587455358.7025
MEM 143.808594 1587455358.8294
MEM 143.808594 1587455358.9576
MEM 143.808594 1587455359.0937
MEM 143.808594 1587455359.2296
MEM 143.808594 1587455359.3575
MEM 143.808594 1587455359.4727
MEM 143.808594 1587455359.6028
MEM 143.808594 1587455359.7268
MEM 143.808594 1587455359.8461
MEM 143.808594 1587455359.9722
MEM 143.808594 1587455360.0956
MEM 143.808594 1587455360.2218
MEM 143.808594 1587455360.3651
MEM 143.808594 1587455360.4953
MEM 143.808594 1587455360.6398
MEM 143.808594 1587455360.7787
MEM 143.808594 1587455360.9225
MEM 143.808594 1587455361.0665
MEM 143.808594 1587455361.2041
MEM 143.808594 1587455361.3395
MEM 143.808594 1587455361.4804
MEM 143.808594 1587455361.6071
MEM 143.808594 1587455361.7197
MEM 143.808594 1587455361.8356
MEM 143.808594 1587455361.9492
MEM 143.808594 1587455362.0666
MEM 143.808594 1587455362.1866
MEM 143.808594 1587455362.3039
MEM 143.808594 1587455362.4323
MEM 143.808594 1587455362.5647
MEM 143.808594 1587455362.6975
MEM 143.808594 1587455362.8190
MEM 143.808594 1587455362.9438
MEM 143.808594 1587455363.0791
MEM 143.808594 1587455363.2163
MEM 143.808594 1587455363.3525
MEM 143.808594 1587455363.4863
MEM 143.808594 1587455363.6229
MEM 143.808594 1587455363.7583
MEM 143.808594 1587455363.8880
MEM 143.808594 1587455364.0261
MEM 143.808594 1587455364.1430
MEM 143.808594 1587455364.2681
MEM 143.808594 1587455364.4015
MEM 143.808594 1587455364.5369
MEM 143.808594 1587455364.6734
MEM 143.808594 1587455364.7914
MEM 143.808594 1587455364.9175
MEM 143.808594 1587455365.0358
MEM 143.808594 1587455365.1523
MEM 143.808594 1587455365.2793
MEM 143.808594 1587455365.4164
MEM 143.808594 1587455365.5501
MEM 143.808594 1587455365.6834
MEM 143.808594 1587455365.8208
MEM 143.808594 1587455365.9586
MEM 143.808594 1587455366.0943
MEM 143.808594 1587455366.2186
MEM 143.808594 1587455366.3489
MEM 143.808594 1587455366.4823
MEM 143.808594 1587455366.6035
MEM 143.808594 1587455366.7320
MEM 143.808594 1587455366.8488
MEM 143.808594 1587455366.9762
MEM 143.808594 1587455367.1177
MEM 143.808594 1587455367.2527
MEM 143.808594 1587455367.3878
MEM 143.808594 1587455367.5297
MEM 143.808594 1587455367.6626
MEM 143.808594 1587455367.7966
MEM 143.808594 1587455367.9219
MEM 143.808594 1587455368.0348
MEM 143.808594 1587455368.1600
MEM 143.808594 1587455368.2916
MEM 143.808594 1587455368.4271
MEM 143.808594 1587455368.5475
MEM 143.808594 1587455368.6762
MEM 143.808594 1587455368.7986
MEM 143.808594 1587455368.9268
MEM 143.808594 1587455369.0644
MEM 143.808594 1587455369.2002
MEM 143.808594 1587455369.3367
MEM 143.808594 1587455369.4745
MEM 143.808594 1587455369.6082
MEM 143.808594 1587455369.7441
MEM 143.808594 1587455369.8825
MEM 143.808594 1587455370.0153
MEM 143.808594 1587455370.1505
MEM 143.808594 1587455370.2858
MEM 143.808594 1587455370.4181
MEM 143.808594 1587455370.5480
MEM 143.808594 1587455370.6865
MEM 143.808594 1587455370.8041
MEM 143.808594 1587455370.9270
MEM 143.808594 1587455371.0547
MEM 143.808594 1587455371.1895
MEM 143.808594 1587455371.3305
MEM 143.808594 1587455371.4674
MEM 143.808594 1587455371.5939
MEM 143.808594 1587455371.7393
MEM 143.808594 1587455371.8852
MEM 143.808594 1587455372.0303
MEM 143.808594 1587455372.1718
MEM 143.808594 1587455372.3102
MEM 143.808594 1587455372.4314
MEM 143.808594 1587455372.5451
MEM 143.808594 1587455372.6604
MEM 143.882812 1587455372.7812
MEM 143.882812 1587455372.9142
MEM 143.882812 1587455373.0275
MEM 143.882812 1587455373.1440
MEM 143.882812 1587455373.2591
MEM 143.882812 1587455373.3764
MEM 143.882812 1587455373.4950
MEM 143.882812 1587455373.6091
MEM 143.882812 1587455373.7212
MEM 565.320312 1587455373.8398
CHLD 0 156.945312 1587455373.8705
CHLD 1 145.765625 1587455373.8705
CHLD 2 186.972656 1587455373.8706
MEM 664.667969 1587455373.9813
CHLD 0 158.382812 1587455374.0017
CHLD 1 156.265625 1587455374.0017
CHLD 2 207.554688 1587455374.0017
MEM 679.742188 1587455374.1204
CHLD 0 164.304688 1587455374.1637
CHLD 1 164.234375 1587455374.1638
CHLD 2 207.554688 1587455374.1638
MEM 679.996094 1587455374.2724
CHLD 0 164.304688 1587455374.3218
CHLD 1 164.234375 1587455374.3219
CHLD 2 207.554688 1587455374.3219
MEM 679.996094 1587455374.4319
CHLD 0 164.304688 1587455374.4568
CHLD 1 164.234375 1587455374.4569
CHLD 2 209.285156 1587455374.4569
MEM 681.726562 1587455374.5662
CHLD 0 164.304688 1587455374.6003
CHLD 1 164.234375 1587455374.6004
CHLD 2 209.285156 1587455374.6004
MEM 681.906250 1587455374.7130
CHLD 0 164.484375 1587455374.7701
CHLD 1 164.234375 1587455374.7702
CHLD 2 209.285156 1587455374.7702
MEM 682.140625 1587455374.8792
CHLD 0 164.835938 1587455374.9003
CHLD 1 164.414062 1587455374.9003
CHLD 2 209.285156 1587455374.9004
MEM 718.003906 1587455375.0110
CHLD 0 187.847656 1587455375.0499
CHLD 1 188.042969 1587455375.0499
CHLD 2 209.285156 1587455375.0500
MEM 729.324219 1587455375.1617
CHLD 0 188.093750 1587455375.1916
CHLD 1 188.042969 1587455375.1916
CHLD 2 209.285156 1587455375.1917
MEM 729.324219 1587455375.3065
CHLD 0 188.093750 1587455375.3616
CHLD 1 188.042969 1587455375.3616
CHLD 2 209.285156 1587455375.3617
MEM 729.324219 1587455375.4709
CHLD 0 188.093750 1587455375.4913
CHLD 1 188.042969 1587455375.4914
CHLD 2 209.285156 1587455375.4914
MEM 730.652344 1587455375.6008
CHLD 0 188.148438 1587455375.6507
CHLD 1 188.042969 1587455375.6508
CHLD 2 210.613281 1587455375.6508
MEM 730.765625 1587455375.7607
CHLD 0 188.207031 1587455375.7816
CHLD 1 188.101562 1587455375.7817
CHLD 2 210.613281 1587455375.7817
MEM 730.988281 1587455375.8903
CHLD 0 188.261719 1587455375.9056
CHLD 1 188.320312 1587455375.9056
CHLD 2 210.613281 1587455375.9057
MEM 862.687500 1587455376.0189
CHLD 0 256.460938 1587455376.0330
CHLD 1 254.718750 1587455376.0330
CHLD 2 213.535156 1587455376.0331
MEM 923.613281 1587455376.1477
CHLD 0 280.953125 1587455376.1626
CHLD 1 280.757812 1587455376.1626
CHLD 2 218.000000 1587455376.1626
MEM 870.132812 1587455376.2746
CHLD 0 250.601562 1587455376.2927
CHLD 1 260.976562 1587455376.2927
CHLD 2 218.000000 1587455376.2927
MEM 901.324219 1587455376.4017
CHLD 0 260.656250 1587455376.4294
CHLD 1 280.828125 1587455376.4294
CHLD 2 218.000000 1587455376.4295
MEM 923.753906 1587455376.5416
CHLD 0 281.023438 1587455376.5697
CHLD 1 248.863281 1587455376.5697
CHLD 2 218.000000 1587455376.5698
MEM 901.839844 1587455376.6820
CHLD 0 249.570312 1587455376.7228
CHLD 1 262.523438 1587455376.7228
CHLD 2 218.000000 1587455376.7228
MEM 901.066406 1587455376.8334
CHLD 0 261.429688 1587455376.8605
CHLD 1 280.828125 1587455376.8605
CHLD 2 218.000000 1587455376.8606
MEM 891.789062 1587455376.9739
CHLD 0 281.023438 1587455376.9991
CHLD 1 251.179688 1587455376.9991
CHLD 2 218.000000 1587455376.9992
MEM 900.808594 1587455377.1094
CHLD 0 250.085938 1587455377.1497
CHLD 1 260.203125 1587455377.1498
CHLD 2 218.000000 1587455377.1498
MEM 902.355469 1587455377.2601
CHLD 0 261.687500 1587455377.2788
CHLD 1 280.828125 1587455377.2789
CHLD 2 218.000000 1587455377.2789
MEM 923.753906 1587455377.3931
CHLD 0 281.023438 1587455377.4480
CHLD 1 280.828125 1587455377.4480
CHLD 2 218.000000 1587455377.4481
MEM 859.824219 1587455377.5571
CHLD 0 249.058594 1587455377.5818
CHLD 1 248.863281 1587455377.5818
CHLD 2 218.000000 1587455377.5819
MEM 859.824219 1587455377.6946
CHLD 0 249.058594 1587455377.7216
CHLD 1 248.863281 1587455377.7217
CHLD 2 218.000000 1587455377.7219
MEM 859.824219 1587455377.8317
CHLD 0 249.058594 1587455377.8600
CHLD 1 248.863281 1587455377.8600
CHLD 2 218.000000 1587455377.8601
MEM 859.824219 1587455377.9691
CHLD 0 249.058594 1587455378.0080
CHLD 1 248.863281 1587455378.0080
CHLD 2 218.000000 1587455378.0081
MEM 859.824219 1587455378.1165
CHLD 0 249.058594 1587455378.1389
CHLD 1 248.863281 1587455378.1389
CHLD 2 218.000000 1587455378.1389
MEM 860.066406 1587455378.2478
CHLD 0 249.058594 1587455378.2569
CHLD 1 248.863281 1587455378.2569
CHLD 2 218.242188 1587455378.2570
MEM 860.066406 1587455378.3663
CHLD 0 249.058594 1587455378.3852
CHLD 1 248.863281 1587455378.3852
CHLD 2 218.242188 1587455378.3853
MEM 860.066406 1587455378.4948
CHLD 0 249.058594 1587455378.5131
CHLD 1 248.863281 1587455378.5131
CHLD 2 218.242188 1587455378.5131
MEM 860.925781 1587455378.6218
CHLD 0 249.312500 1587455378.6327
CHLD 1 249.117188 1587455378.6327
CHLD 2 218.593750 1587455378.6328
MEM 861.277344 1587455378.7416
CHLD 0 249.570312 1587455378.7656
CHLD 1 249.375000 1587455378.7656
CHLD 2 220.128906 1587455378.7656
MEM 863.750000 1587455378.8769
CHLD 0 249.828125 1587455378.8862
CHLD 1 249.375000 1587455378.8863
CHLD 2 227.316406 1587455378.8863
MEM 971.484375 1587455378.9967
CHLD 0 250.085938 1587455379.0185
CHLD 1 249.890625 1587455379.0185
CHLD 2 328.109375 1587455379.0185
MEM 971.988281 1587455379.1284
CHLD 0 250.085938 1587455379.1518
CHLD 1 249.890625 1587455379.1519
CHLD 2 328.109375 1587455379.1519
MEM 972.246094 1587455379.2650
CHLD 0 250.343750 1587455379.2956
CHLD 1 250.148438 1587455379.2956
CHLD 2 328.109375 1587455379.2957
MEM 972.503906 1587455379.4047
CHLD 0 250.343750 1587455379.4276
CHLD 1 250.148438 1587455379.4277
CHLD 2 328.109375 1587455379.4277
MEM 972.761719 1587455379.5369
CHLD 0 250.601562 1587455379.5603
CHLD 1 250.406250 1587455379.5604
CHLD 2 328.109375 1587455379.5604
MEM 973.019531 1587455379.6776
CHLD 0 250.601562 1587455379.7155
CHLD 1 250.406250 1587455379.7155
CHLD 2 328.109375 1587455379.7156
MEM 973.277344 1587455379.8249
CHLD 0 250.859375 1587455379.8567
CHLD 1 250.406250 1587455379.8587
CHLD 2 328.109375 1587455379.8588
MEM 973.535156 1587455379.9686
CHLD 0 250.859375 1587455379.9839
CHLD 1 250.664062 1587455379.9839
CHLD 2 328.109375 1587455379.9839
MEM 973.792969 1587455380.0934
CHLD 0 251.117188 1587455380.1123
CHLD 1 250.664062 1587455380.1124
CHLD 2 328.109375 1587455380.1124
MEM 973.792969 1587455380.2239
CHLD 0 251.117188 1587455380.2435
CHLD 1 250.921875 1587455380.2435
CHLD 2 328.109375 1587455380.2436
MEM 974.050781 1587455380.3521
CHLD 0 251.117188 1587455380.3700
CHLD 1 250.921875 1587455380.3701
CHLD 2 328.109375 1587455380.3701
MEM 974.308594 1587455380.4792
CHLD 0 251.375000 1587455380.5017
CHLD 1 250.921875 1587455380.5018
CHLD 2 328.109375 1587455380.5018
MEM 974.566406 1587455380.6115
CHLD 0 251.375000 1587455380.6343
CHLD 1 251.179688 1587455380.6343
CHLD 2 328.109375 1587455380.6344
MEM 974.824219 1587455380.7433
CHLD 0 251.632812 1587455380.7688
CHLD 1 251.179688 1587455380.7689
CHLD 2 328.109375 1587455380.7689
MEM 975.082031 1587455380.8782
CHLD 0 251.632812 1587455380.8970
CHLD 1 251.437500 1587455380.8970
CHLD 2 328.109375 1587455380.8970
MEM 975.082031 1587455381.0067
CHLD 0 251.632812 1587455381.0339
CHLD 1 251.437500 1587455381.0339
CHLD 2 328.109375 1587455381.0340
MEM 975.652344 1587455381.1428
CHLD 0 251.890625 1587455381.1670
CHLD 1 251.695312 1587455381.1670
CHLD 2 328.164062 1587455381.1670
MEM 975.652344 1587455381.2759
CHLD 0 251.890625 1587455381.2962
CHLD 1 251.695312 1587455381.2962
CHLD 2 328.164062 1587455381.2962
MEM 976.453125 1587455381.4046
CHLD 0 252.148438 1587455381.4246
CHLD 1 251.953125 1587455381.4247
CHLD 2 328.503906 1587455381.4247
MEM 1049.328125 1587455381.5378
CHLD 0 252.664062 1587455381.5464
CHLD 1 252.210938 1587455381.5465
CHLD 2 410.347656 1587455381.5465
MEM 1159.015625 1587455381.6555
CHLD 0 252.921875 1587455381.6645
CHLD 1 252.468750 1587455381.6646
CHLD 2 512.042969 1587455381.6646
MEM 1193.808594 1587455381.7907
CHLD 0 253.683594 1587455381.8003
CHLD 1 252.984375 1587455381.8003
CHLD 2 545.816406 1587455381.8003
MEM 1276.941406 1587455381.9113
CHLD 0 253.683594 1587455381.9210
CHLD 1 253.359375 1587455381.9211
CHLD 2 625.996094 1587455381.9211
MEM 1220.062500 1587455382.0336
CHLD 0 197.246094 1587455382.0467
CHLD 1 253.359375 1587455382.0468
CHLD 2 625.996094 1587455382.0468
MEM 1115.191406 1587455382.1580
CHLD 0 208.781250 1587455382.1702
CHLD 1 253.800781 1587455382.1703
CHLD 2 498.695312 1587455382.1703
MEM 1089.500000 1587455382.2803
CHLD 0 208.781250 1587455382.2891
CHLD 1 196.960938 1587455382.2892
CHLD 2 542.007812 1587455382.2892
MEM 1181.882812 1587455382.4303
CHLD 0 208.847656 1587455382.4825
CHLD 1 203.078125 1587455382.4825
CHLD 2 626.054688 1587455382.4825
MEM 1182.511719 1587455382.5926
CHLD 0 208.847656 1587455382.6239
CHLD 1 203.707031 1587455382.6240
CHLD 2 626.054688 1587455382.6240
MEM 1182.511719 1587455382.7332
CHLD 0 208.847656 1587455382.7758
CHLD 1 203.707031 1587455382.7759
CHLD 2 626.054688 1587455382.7759
MEM 1182.511719 1587455382.8856
CHLD 0 208.847656 1587455382.9177
CHLD 1 203.707031 1587455382.9177
CHLD 2 626.054688 1587455382.9178
MEM 1182.593750 1587455383.0276
CHLD 0 208.929688 1587455383.0457
CHLD 1 203.707031 1587455383.0458
CHLD 2 626.054688 1587455383.0458
MEM 1121.570312 1587455383.1543
CHLD 0 219.835938 1587455383.1913
CHLD 1 203.921875 1587455383.1914
CHLD 2 555.671875 1587455383.1914
MEM 1128.746094 1587455383.3003
CHLD 0 219.835938 1587455383.3287
CHLD 1 203.921875 1587455383.3287
CHLD 2 562.375000 1587455383.3288
MEM 1136.222656 1587455383.4373
CHLD 0 219.835938 1587455383.4737
CHLD 1 203.921875 1587455383.4738
CHLD 2 570.367188 1587455383.4738
MEM 1142.437500 1587455383.5822
CHLD 0 219.835938 1587455383.6147
CHLD 1 203.949219 1587455383.6148
CHLD 2 577.070312 1587455383.6148
MEM 1149.914062 1587455383.7232
CHLD 0 219.835938 1587455383.7559
CHLD 1 203.949219 1587455383.7559
CHLD 2 585.062500 1587455383.7559
MEM 1159.277344 1587455383.8645
CHLD 0 219.835938 1587455383.8887
CHLD 1 204.058594 1587455383.8887
CHLD 2 593.828125 1587455383.8888
MEM 1223.757812 1587455384.0001
CHLD 0 245.578125 1587455384.0093
CHLD 1 225.597656 1587455384.0093
CHLD 2 614.453125 1587455384.0094
MEM 1318.218750 1587455384.1241
CHLD 0 271.875000 1587455384.1599
CHLD 1 225.597656 1587455384.1599
CHLD 2 678.648438 1587455384.1599
MEM 1344.000000 1587455384.2742
CHLD 0 295.851562 1587455384.3074
CHLD 1 225.597656 1587455384.3074
CHLD 2 678.648438 1587455384.3075
MEM 1344.000000 1587455384.4162
CHLD 0 263.945312 1587455384.4395
CHLD 1 225.597656 1587455384.4396
CHLD 2 678.648438 1587455384.4396
MEM 1368.015625 1587455384.5515
CHLD 0 295.910156 1587455384.5635
CHLD 1 265.281250 1587455384.5636
CHLD 2 678.648438 1587455384.5636
MEM 1281.371094 1587455384.6789
CHLD 0 280.183594 1587455384.6889
CHLD 1 271.011719 1587455384.6890
CHLD 2 561.066406 1587455384.6890
MEM 1305.921875 1587455384.8049
CHLD 0 278.378906 1587455384.8271
CHLD 1 270.238281 1587455384.8271
CHLD 2 592.519531 1587455384.8272
MEM 1307.992188 1587455384.9413
CHLD 0 263.945312 1587455384.9500
CHLD 1 272.042969 1587455384.9500
CHLD 2 642.535156 1587455384.9501
MEM 1356.203125 1587455385.0647
CHLD 0 263.945312 1587455385.0748
CHLD 1 269.726562 1587455385.0749
CHLD 2 678.628906 1587455385.0749
MEM 1356.203125 1587455385.1861
CHLD 0 263.945312 1587455385.1959
CHLD 1 269.726562 1587455385.1960
CHLD 2 678.628906 1587455385.1960
MEM 1275.765625 1587455385.3049
CHLD 0 263.945312 1587455385.3137
CHLD 1 269.726562 1587455385.3138
CHLD 2 539.332031 1587455385.3138
MEM 1217.160156 1587455385.4222
CHLD 0 263.945312 1587455385.4309
CHLD 1 269.726562 1587455385.4310
CHLD 2 539.585938 1587455385.4310
MEM 1217.417969 1587455385.5411
CHLD 0 263.945312 1587455385.5494
CHLD 1 269.726562 1587455385.5494
CHLD 2 539.843750 1587455385.5495
MEM 1217.675781 1587455385.6585
CHLD 0 263.945312 1587455385.6664
CHLD 1 269.726562 1587455385.6665
CHLD 2 540.101562 1587455385.6665
MEM 1217.933594 1587455385.7757
CHLD 0 263.945312 1587455385.7994
CHLD 1 269.726562 1587455385.7995
CHLD 2 540.359375 1587455385.7995
MEM 1218.191406 1587455385.9087
CHLD 0 263.945312 1587455385.9168
CHLD 1 269.726562 1587455385.9168
CHLD 2 540.617188 1587455385.9169
MEM 1218.449219 1587455386.0260
CHLD 0 263.945312 1587455386.0350
CHLD 1 269.726562 1587455386.0350
CHLD 2 540.875000 1587455386.0350
MEM 1218.707031 1587455386.1452
CHLD 0 263.945312 1587455386.1530
CHLD 1 269.726562 1587455386.1530
CHLD 2 541.132812 1587455386.1530
MEM 1218.964844 1587455386.2622
CHLD 0 263.945312 1587455386.2700
CHLD 1 269.726562 1587455386.2701
CHLD 2 541.390625 1587455386.2701
MEM 1219.222656 1587455386.3794
CHLD 0 263.945312 1587455386.3878
CHLD 1 269.726562 1587455386.3878
CHLD 2 541.648438 1587455386.3879
MEM 1219.480469 1587455386.4992
CHLD 0 263.945312 1587455386.5078
CHLD 1 269.726562 1587455386.5079
CHLD 2 541.906250 1587455386.5079
MEM 1219.992188 1587455386.6164
CHLD 0 263.945312 1587455386.6258
CHLD 1 269.980469 1587455386.6259
CHLD 2 542.164062 1587455386.6259
MEM 1220.507812 1587455386.7384
CHLD 0 263.945312 1587455386.7590
CHLD 1 270.238281 1587455386.7591
CHLD 2 542.679688 1587455386.7591
MEM 1176.871094 1587455386.8675
CHLD 0 263.945312 1587455386.8775
CHLD 1 226.343750 1587455386.8775
CHLD 2 542.937500 1587455386.8776
MEM 1177.386719 1587455386.9868
CHLD 0 263.945312 1587455386.9963
CHLD 1 226.343750 1587455386.9964
CHLD 2 543.195312 1587455386.9964
MEM 1177.644531 1587455387.1097
CHLD 0 263.945312 1587455387.1276
CHLD 1 226.343750 1587455387.1293
CHLD 2 543.453125 1587455387.1293
MEM 1177.644531 1587455387.2401
CHLD 0 263.945312 1587455387.2653
CHLD 1 226.343750 1587455387.2654
CHLD 2 543.710938 1587455387.2654
MEM 1177.902344 1587455387.3752
CHLD 0 263.945312 1587455387.4015
CHLD 1 226.343750 1587455387.4015
CHLD 2 543.710938 1587455387.4016
MEM 1178.414062 1587455387.5134
CHLD 0 264.199219 1587455387.5231
CHLD 1 226.343750 1587455387.5231
CHLD 2 543.968750 1587455387.5231
MEM 1178.804688 1587455387.6316
CHLD 0 198.835938 1587455387.6559
CHLD 1 226.476562 1587455387.6559
CHLD 2 544.226562 1587455387.6559
MEM 1135.203125 1587455387.7646
CHLD 0 220.597656 1587455387.8024
CHLD 1 226.476562 1587455387.8024
CHLD 2 544.226562 1587455387.8025
MEM 914.613281 1587455387.9110
CHLD 0 226.476562 1587455387.9351
CHLD 1 544.226562 1587455387.9351
MEM 932.921875 1587455388.0437
CHLD 0 255.355469 1587455388.0516
CHLD 1 544.484375 1587455388.0517
MEM 948.519531 1587455388.1598
CHLD 0 262.187500 1587455388.1676
CHLD 1 545.000000 1587455388.1677
MEM 953.417969 1587455388.2759
CHLD 0 267.343750 1587455388.2837
CHLD 1 545.515625 1587455388.2838
MEM 955.222656 1587455388.3930
CHLD 0 267.343750 1587455388.4008
CHLD 1 545.773438 1587455388.4008
MEM 944.398438 1587455388.5093
CHLD 0 254.199219 1587455388.5169
CHLD 1 546.289062 1587455388.5169
MEM 944.656250 1587455388.6256
CHLD 0 254.199219 1587455388.6334
CHLD 1 546.546875 1587455388.6334
MEM 945.171875 1587455388.7421
CHLD 0 254.199219 1587455388.7515
CHLD 1 547.062500 1587455388.7515
MEM 945.429688 1587455388.8601
CHLD 0 254.199219 1587455388.8678
CHLD 1 547.320312 1587455388.8678
MEM 945.945312 1587455388.9761
CHLD 0 254.199219 1587455388.9840
CHLD 1 547.835938 1587455388.9841
MEM 946.203125 1587455389.0923
CHLD 0 254.199219 1587455389.1009
CHLD 1 548.093750 1587455389.1009
MEM 946.718750 1587455389.2090
CHLD 0 254.199219 1587455389.2166
CHLD 1 548.609375 1587455389.2167
MEM 947.234375 1587455389.3249
CHLD 0 254.199219 1587455389.3326
CHLD 1 549.125000 1587455389.3327
MEM 947.492188 1587455389.4411
CHLD 0 254.199219 1587455389.4489
CHLD 1 549.382812 1587455389.4490
MEM 948.007812 1587455389.5570
CHLD 0 254.199219 1587455389.5648
CHLD 1 549.898438 1587455389.5649
MEM 948.523438 1587455389.6732
CHLD 0 254.199219 1587455389.6810
CHLD 1 550.414062 1587455389.6811
MEM 948.781250 1587455389.7900
CHLD 0 254.199219 1587455389.7977
CHLD 1 550.929688 1587455389.7977
MEM 695.097656 1587455389.9039
CHLD 0 0.000000 1587455389.9098
CHLD 1 551.187500 1587455389.9098
MEM 695.613281 1587455390.0159
CHLD 0 0.000000 1587455390.0216
CHLD 1 551.703125 1587455390.0217
MEM 695.871094 1587455390.1281
CHLD 0 0.000000 1587455390.1338
CHLD 1 551.960938 1587455390.1338
MEM 696.386719 1587455390.2404
CHLD 0 0.000000 1587455390.2466
CHLD 1 552.476562 1587455390.2467
MEM 696.902344 1587455390.3528
CHLD 0 0.000000 1587455390.3586
CHLD 1 552.992188 1587455390.3587
MEM 697.160156 1587455390.4650
CHLD 0 0.000000 1587455390.4720
CHLD 1 553.250000 1587455390.4720
MEM 697.675781 1587455390.5792
CHLD 0 0.000000 1587455390.5858
CHLD 1 553.765625 1587455390.5859
MEM 697.933594 1587455390.6929
CHLD 0 0.000000 1587455390.6989
CHLD 1 554.023438 1587455390.6989
MEM 698.449219 1587455390.8077
CHLD 0 0.000000 1587455390.8157
CHLD 1 554.539062 1587455390.8158
MEM 698.707031 1587455390.9228
CHLD 0 0.000000 1587455390.9330
CHLD 1 554.796875 1587455390.9330
MEM 698.964844 1587455391.0405
CHLD 0 0.000000 1587455391.0482
CHLD 1 555.054688 1587455391.0483
MEM 699.480469 1587455391.1565
CHLD 0 0.000000 1587455391.1631
CHLD 1 555.570312 1587455391.1631
MEM 699.738281 1587455391.2711
CHLD 0 0.000000 1587455391.2858
CHLD 1 555.828125 1587455391.2859
MEM 699.996094 1587455391.3949
CHLD 0 0.000000 1587455391.4033
CHLD 1 556.343750 1587455391.4034
MEM 700.511719 1587455391.5119
CHLD 0 0.000000 1587455391.5209
CHLD 1 556.601562 1587455391.5210
MEM 700.769531 1587455391.6298
CHLD 0 0.000000 1587455391.6382
CHLD 1 556.859375 1587455391.6383
MEM 701.027344 1587455391.7463
CHLD 0 0.000000 1587455391.7536
CHLD 1 557.375000 1587455391.7537
MEM 701.542969 1587455391.8631
CHLD 0 0.000000 1587455391.8707
CHLD 1 557.632812 1587455391.8708
MEM 701.800781 1587455391.9793
CHLD 0 0.000000 1587455391.9894
CHLD 1 558.148438 1587455391.9895
MEM 702.316406 1587455392.0985
CHLD 0 0.000000 1587455392.1083
CHLD 1 558.406250 1587455392.1084
MEM 702.574219 1587455392.2182
CHLD 0 0.000000 1587455392.2271
CHLD 1 558.664062 1587455392.2272
MEM 703.089844 1587455392.3346
CHLD 0 0.000000 1587455392.3417
CHLD 1 559.179688 1587455392.3417
MEM 703.347656 1587455392.4512
CHLD 0 0.000000 1587455392.4590
CHLD 1 559.437500 1587455392.4591
MEM 703.863281 1587455392.5675
CHLD 0 0.000000 1587455392.5756
CHLD 1 559.953125 1587455392.5756
MEM 704.121094 1587455392.6844
CHLD 0 0.000000 1587455392.6924
CHLD 1 560.210938 1587455392.6924
MEM 704.636719 1587455392.8014
CHLD 0 0.000000 1587455392.8081
CHLD 1 560.726562 1587455392.8081
MEM 704.894531 1587455392.9154
CHLD 0 0.000000 1587455392.9214
CHLD 1 560.984375 1587455392.9215
MEM 705.410156 1587455393.0278
CHLD 0 0.000000 1587455393.0342
CHLD 1 561.500000 1587455393.0343
MEM 705.667969 1587455393.1404
CHLD 0 0.000000 1587455393.1462
CHLD 1 561.757812 1587455393.1462
MEM 706.183594 1587455393.2527
CHLD 0 0.000000 1587455393.2586
CHLD 1 562.273438 1587455393.2587
MEM 706.699219 1587455393.3649
CHLD 0 0.000000 1587455393.3707
CHLD 1 562.789062 1587455393.3707
MEM 706.957031 1587455393.4784
CHLD 0 0.000000 1587455393.4842
CHLD 1 563.046875 1587455393.4842
MEM 602.183594 1587455393.5905
CHLD 0 0.000000 1587455393.5963
CHLD 1 458.273438 1587455393.5963
MEM 602.183594 1587455393.7027
CHLD 0 0.000000 1587455393.7085
CHLD 1 458.273438 1587455393.7085
MEM 602.738281 1587455393.8146
CHLD 0 0.000000 1587455393.8204
CHLD 1 458.828125 1587455393.8204
MEM 602.996094 1587455393.9268
CHLD 0 0.000000 1587455393.9329
CHLD 1 459.085938 1587455393.9329
MEM 603.253906 1587455394.0392
CHLD 0 0.000000 1587455394.0451
CHLD 1 459.343750 1587455394.0451
MEM 603.511719 1587455394.1514
CHLD 0 0.000000 1587455394.1572
CHLD 1 459.601562 1587455394.1573
MEM 603.769531 1587455394.2634
CHLD 0 0.000000 1587455394.2691
CHLD 1 459.859375 1587455394.2692
MEM 604.027344 1587455394.3755
CHLD 0 0.000000 1587455394.3813
CHLD 1 460.117188 1587455394.3813
MEM 604.285156 1587455394.4888
CHLD 0 0.000000 1587455394.4948
CHLD 1 460.375000 1587455394.4949
MEM 578.656250 1587455394.6019
CHLD 0 0.000000 1587455394.6081
CHLD 1 294.019531 1587455394.6081
MEM 484.191406 1587455394.7152
CHLD 0 0.000000 1587455394.7222
CHLD 1 344.281250 1587455394.7222
MEM 502.917969 1587455394.8309
CHLD 0 0.000000 1587455394.8398
CHLD 1 367.007812 1587455394.8399
MEM 532.917969 1587455394.9502
CHLD 0 0.000000 1587455394.9595
CHLD 1 389.007812 1587455394.9596
MEM 480.406250 1587455395.0694
CHLD 0 0.000000 1587455395.0791
CHLD 1 336.496094 1587455395.0791
MEM 480.406250 1587455395.1855
CHLD 0 0.000000 1587455395.1913
CHLD 1 336.496094 1587455395.1914
MEM 143.894531 1587455395.2977
MEM 143.894531 1587455395.4198
MEM 143.894531 1587455395.5485
MEM 143.894531 1587455395.6789
MEM 143.894531 1587455395.8121
MEM 143.894531 1587455395.9445
MEM 143.894531 1587455396.0764
MEM 143.894531 1587455396.2050
MEM 143.894531 1587455396.3384
MEM 143.894531 1587455396.4679
MEM 143.894531 1587455396.6016
MEM 143.894531 1587455396.7346
MEM 143.894531 1587455396.8638
MEM 143.894531 1587455396.9957
MEM 143.894531 1587455397.1286
MEM 143.894531 1587455397.2629
MEM 143.894531 1587455397.3865
MEM 143.894531 1587455397.5163
MEM 143.894531 1587455397.6478
MEM 143.894531 1587455397.7830
MEM 143.894531 1587455397.9227
MEM 143.894531 1587455398.0562
MEM 143.894531 1587455398.1808
MEM 143.894531 1587455398.3069
MEM 143.894531 1587455398.4429
MEM 143.894531 1587455398.5776
MEM 143.894531 1587455398.7113
MEM 143.894531 1587455398.8381
MEM 143.894531 1587455398.9650
MEM 143.894531 1587455399.0891
MEM 143.894531 1587455399.2019
MEM 143.894531 1587455399.3280
MEM 143.894531 1587455399.4617
MEM 143.894531 1587455399.5982
MEM 143.894531 1587455399.7337
MEM 143.894531 1587455399.8682
MEM 143.894531 1587455400.0008
MEM 143.894531 1587455400.1244
MEM 143.894531 1587455400.2546
MEM 143.894531 1587455400.3879
MEM 143.894531 1587455400.5175
MEM 143.894531 1587455400.6495
MEM 143.894531 1587455400.7776
MEM 143.894531 1587455400.9032
MEM 143.894531 1587455401.0415
MEM 143.894531 1587455401.1744
MEM 143.894531 1587455401.2963
MEM 143.894531 1587455401.4188
MEM 143.894531 1587455401.5466
MEM 143.894531 1587455401.6797
MEM 143.894531 1587455401.8025
MEM 143.894531 1587455401.9362
MEM 143.894531 1587455402.0812
MEM 143.894531 1587455402.2196
MEM 143.894531 1587455402.3564
MEM 143.894531 1587455402.4949
MEM 143.894531 1587455402.6466
MEM 143.894531 1587455402.8069
MEM 143.894531 1587455402.9434
MEM 143.894531 1587455403.0785
MEM 143.894531 1587455403.2282
MEM 143.894531 1587455403.3713
MEM 143.894531 1587455403.5169
MEM 143.894531 1587455403.6645
MEM 143.894531 1587455403.8086
MEM 143.894531 1587455403.9516
MEM 143.894531 1587455404.0862
MEM 143.894531 1587455404.2201
MEM 143.894531 1587455404.3549
MEM 143.894531 1587455404.4846
MEM 143.894531 1587455404.6187
MEM 143.894531 1587455404.7515
MEM 143.894531 1587455404.8731
MEM 143.894531 1587455404.9962
MEM 143.894531 1587455405.1314
MEM 143.894531 1587455405.2669
MEM 143.894531 1587455405.4018
MEM 143.894531 1587455405.5458
MEM 143.894531 1587455405.6701
MEM 143.894531 1587455405.7828
MEM 143.894531 1587455405.9119
MEM 143.894531 1587455406.0566
MEM 143.894531 1587455406.1927
MEM 143.894531 1587455406.3327
MEM 143.894531 1587455406.4756
MEM 143.894531 1587455406.6159
MEM 143.894531 1587455406.7488
MEM 143.894531 1587455406.8649
MEM 143.894531 1587455406.9975
MEM 143.894531 1587455407.1459
MEM 143.894531 1587455407.3035
MEM 143.894531 1587455407.4450
MEM 143.894531 1587455407.5814
MEM 143.894531 1587455407.7158
MEM 143.894531 1587455407.8513
MEM 143.894531 1587455407.9906
MEM 143.894531 1587455408.1373
MEM 143.894531 1587455408.2695
MEM 143.894531 1587455408.4025
MEM 143.894531 1587455408.5360
MEM 143.894531 1587455408.6666
MEM 143.894531 1587455408.7855
MEM 143.894531 1587455408.9173
MEM 143.894531 1587455409.0502
MEM 143.894531 1587455409.1840
MEM 143.894531 1587455409.3153
MEM 143.894531 1587455409.4483
MEM 143.894531 1587455409.5844
MEM 143.894531 1587455409.7200
MEM 143.894531 1587455409.8370
MEM 143.894531 1587455409.9518
MEM 143.894531 1587455410.0797
MEM 143.894531 1587455410.2145
MEM 143.894531 1587455410.3529
MEM 143.894531 1587455410.4872
MEM 143.894531 1587455410.6207
MEM 143.894531 1587455410.7434
MEM 143.894531 1587455410.8689
MEM 143.894531 1587455411.0040
MEM 143.894531 1587455411.1359
MEM 143.894531 1587455411.2715
MEM 143.894531 1587455411.4007
MEM 143.894531 1587455411.5389
MEM 143.894531 1587455411.6714
MEM 143.894531 1587455411.7972
MEM 143.894531 1587455411.9242
MEM 143.894531 1587455412.0410
MEM 143.894531 1587455412.1656
MEM 143.894531 1587455412.3014
MEM 143.894531 1587455412.4348
MEM 143.894531 1587455412.5730
MEM 143.894531 1587455412.7090
MEM 143.894531 1587455412.8443
MEM 143.894531 1587455412.9785
MEM 143.894531 1587455413.1181
MEM 143.894531 1587455413.2525
MEM 143.894531 1587455413.3875
MEM 143.894531 1587455413.5096
MEM 143.894531 1587455413.6350
MEM 143.894531 1587455413.7742
MEM 143.894531 1587455413.9068
MEM 143.894531 1587455414.0425
MEM 143.894531 1587455414.1729
MEM 143.894531 1587455414.3070
MEM 143.894531 1587455414.4433
MEM 143.894531 1587455414.5777
MEM 143.894531 1587455414.7125
MEM 143.894531 1587455414.8533
MEM 143.894531 1587455414.9901
MEM 143.894531 1587455415.1244
MEM 143.894531 1587455415.2614
MEM 143.894531 1587455415.3967
MEM 143.894531 1587455415.5324
MEM 143.894531 1587455415.6674
MEM 143.894531 1587455415.7900
MEM 143.894531 1587455415.9181
MEM 143.894531 1587455416.0560
MEM 143.894531 1587455416.1887
MEM 143.894531 1587455416.3193
MEM 143.894531 1587455416.4578
MEM 143.894531 1587455416.5918
MEM 143.894531 1587455416.7222
MEM 143.894531 1587455416.8576
MEM 143.894531 1587455416.9986
MEM 143.894531 1587455417.1320
MEM 143.894531 1587455417.2726
MEM 143.894531 1587455417.4178
MEM 143.894531 1587455417.5611
MEM 143.894531 1587455417.7054
MEM 143.894531 1587455417.8496
MEM 143.894531 1587455417.9944
MEM 143.894531 1587455418.1425
MEM 143.894531 1587455418.2820
MEM 143.894531 1587455418.4169
MEM 143.894531 1587455418.5525
MEM 143.894531 1587455418.6856
MEM 143.894531 1587455418.8152
MEM 143.894531 1587455418.9300
MEM 143.894531 1587455419.0477
MEM 143.894531 1587455419.1800
MEM 143.894531 1587455419.3103
MEM 143.894531 1587455419.4431
MEM 143.894531 1587455419.5731
MEM 143.894531 1587455419.7051
MEM 143.894531 1587455419.8469
MEM 143.894531 1587455419.9800
MEM 143.894531 1587455420.1119
MEM 143.894531 1587455420.2487
MEM 143.894531 1587455420.3868
MEM 143.894531 1587455420.5221
MEM 143.894531 1587455420.6578
MEM 143.894531 1587455420.7952
MEM 143.894531 1587455420.9299
MEM 143.894531 1587455421.0622
MEM 143.894531 1587455421.2019
MEM 143.894531 1587455421.3356
MEM 143.894531 1587455421.4734
MEM 143.894531 1587455421.6090
MEM 143.894531 1587455421.7448
MEM 143.894531 1587455421.8797
MEM 143.894531 1587455422.0171
MEM 143.894531 1587455422.1514
MEM 143.894531 1587455422.2724
MEM 143.894531 1587455422.3888
MEM 143.894531 1587455422.5106
MEM 143.894531 1587455422.6423
MEM 143.894531 1587455422.7731
MEM 143.894531 1587455422.9066
MEM 143.894531 1587455423.0405
MEM 143.894531 1587455423.1773
MEM 143.894531 1587455423.3133
MEM 143.894531 1587455423.4489
MEM 143.894531 1587455423.5859
MEM 143.894531 1587455423.7256
MEM 143.894531 1587455423.8589
MEM 143.894531 1587455423.9956
MEM 143.894531 1587455424.1286
MEM 143.894531 1587455424.2651
MEM 143.894531 1587455424.4005
MEM 143.894531 1587455424.5334
MEM 143.894531 1587455424.6693
MEM 143.894531 1587455424.8028
MEM 143.894531 1587455424.9379
MEM 143.894531 1587455425.0754
MEM 143.894531 1587455425.2081
MEM 143.894531 1587455425.3415
MEM 143.894531 1587455425.4794
MEM 143.894531 1587455425.6163
MEM 143.894531 1587455425.7506
MEM 143.894531 1587455425.8842
MEM 143.894531 1587455426.0197
MEM 143.894531 1587455426.1554
MEM 143.894531 1587455426.2879
MEM 143.894531 1587455426.4221
MEM 143.894531 1587455426.5568
MEM 143.894531 1587455426.6916
MEM 143.894531 1587455426.8263
MEM 143.894531 1587455426.9620
MEM 143.894531 1587455427.0875
MEM 143.894531 1587455427.2208
MEM 143.894531 1587455427.3515
MEM 143.894531 1587455427.4902
MEM 143.894531 1587455427.6254
MEM 143.894531 1587455427.7562
MEM 143.894531 1587455427.8861
MEM 143.894531 1587455428.0233
MEM 143.894531 1587455428.1585
MEM 143.894531 1587455428.2941
MEM 143.894531 1587455428.4300
MEM 143.894531 1587455428.5660
MEM 143.894531 1587455428.7004
MEM 143.894531 1587455428.8305
MEM 143.894531 1587455428.9561
MEM 143.894531 1587455429.0837
MEM 143.894531 1587455429.2199
MEM 143.894531 1587455429.3390
MEM 143.894531 1587455429.4647
MEM 143.894531 1587455429.6042
MEM 143.894531 1587455429.7351
