CMDLINE /home/sarvesh/Downloads/HappyMongo/voiceenv/bin/python3 server.py
MEM 1.550781 1587455185.4954
MEM 19.859375 1587455185.6032
MEM 54.964844 1587455185.7094
MEM 62.675781 1587455185.8208
MEM 78.742188 1587455185.9272
MEM 91.632812 1587455186.0333
MEM 109.535156 1587455186.1394
MEM 115.347656 1587455186.2458
MEM 124.410156 1587455186.3530
MEM 132.261719 1587455186.4594
MEM 141.949219 1587455186.5654
MEM 141.949219 1587455186.6721
MEM 141.949219 1587455186.7901
MEM 141.949219 1587455186.9086
MEM 141.949219 1587455187.0290
MEM 141.949219 1587455187.1480
MEM 141.949219 1587455187.2659
MEM 141.949219 1587455187.3830
MEM 141.949219 1587455187.5008
MEM 141.949219 1587455187.6193
MEM 141.949219 1587455187.7406
MEM 141.949219 1587455187.8633
MEM 141.949219 1587455187.9860
MEM 141.949219 1587455188.1062
MEM 141.949219 1587455188.2278
MEM 141.949219 1587455188.3452
MEM 141.949219 1587455188.4662
MEM 141.949219 1587455188.5873
MEM 141.949219 1587455188.7098
MEM 141.949219 1587455188.8323
MEM 141.949219 1587455188.9412
MEM 141.949219 1587455189.0577
MEM 141.949219 1587455189.1867
MEM 141.949219 1587455189.3214
MEM 141.949219 1587455189.4463
MEM 141.949219 1587455189.5693
MEM 141.949219 1587455189.6944
MEM 141.949219 1587455189.8018
MEM 141.949219 1587455189.9084
MEM 142.421875 1587455190.0153
MEM 143.195312 1587455190.1255
MEM 143.195312 1587455190.2396
MEM 143.195312 1587455190.3485
MEM 143.195312 1587455190.4578
MEM 143.195312 1587455190.5667
MEM 143.195312 1587455190.6778
MEM 143.195312 1587455190.7868
MEM 143.195312 1587455190.8958
MEM 143.406250 1587455191.0020
MEM 143.898438 1587455191.1090
CHLD 0 140.312500 1587455191.1234
CHLD 1 140.777344 1587455191.1235
CHLD 2 153.386719 1587455191.1235
MEM 143.898438 1587455191.2244
CHLD 0 156.695312 1587455191.2354
CHLD 1 160.117188 1587455191.2355
CHLD 2 209.562500 1587455191.2355
MEM 143.898438 1587455191.3361
CHLD 0 162.167969 1587455191.3471
CHLD 1 165.113281 1587455191.3472
CHLD 2 209.562500 1587455191.3472
MEM 143.898438 1587455191.4475
CHLD 0 164.914062 1587455191.4595
CHLD 1 165.113281 1587455191.4596
CHLD 2 209.562500 1587455191.4596
MEM 143.898438 1587455191.5604
CHLD 0 164.914062 1587455191.5851
CHLD 1 165.113281 1587455191.5851
CHLD 2 209.562500 1587455191.5852
MEM 143.898438 1587455191.6857
CHLD 0 164.914062 1587455191.7030
CHLD 1 165.113281 1587455191.7030
CHLD 2 209.562500 1587455191.7031
MEM 143.898438 1587455191.8034
CHLD 0 164.914062 1587455191.8136
CHLD 1 165.113281 1587455191.8136
CHLD 2 209.562500 1587455191.8137
MEM 143.898438 1587455191.9140
CHLD 0 164.914062 1587455191.9230
CHLD 1 165.113281 1587455191.9230
CHLD 2 209.562500 1587455191.9231
MEM 143.898438 1587455192.0234
CHLD 0 164.914062 1587455192.0329
CHLD 1 165.292969 1587455192.0330
CHLD 2 209.562500 1587455192.0330
MEM 143.898438 1587455192.1334
CHLD 0 164.914062 1587455192.1424
CHLD 1 165.292969 1587455192.1424
CHLD 2 209.562500 1587455192.1425
MEM 143.898438 1587455192.2428
CHLD 0 166.109375 1587455192.2538
CHLD 1 178.656250 1587455192.2538
CHLD 2 209.562500 1587455192.2539
MEM 143.898438 1587455192.3542
CHLD 0 188.746094 1587455192.3630
CHLD 1 188.699219 1587455192.3631
CHLD 2 209.562500 1587455192.3631
MEM 143.898438 1587455192.4634
CHLD 0 188.746094 1587455192.4726
CHLD 1 188.699219 1587455192.4726
CHLD 2 209.562500 1587455192.4727
MEM 143.898438 1587455192.5730
CHLD 0 188.746094 1587455192.5925
CHLD 1 188.699219 1587455192.5925
CHLD 2 209.562500 1587455192.5926
MEM 143.898438 1587455192.6930
CHLD 0 188.746094 1587455192.7044
CHLD 1 188.699219 1587455192.7045
CHLD 2 209.562500 1587455192.7045
MEM 143.898438 1587455192.8049
CHLD 0 188.746094 1587455192.8205
CHLD 1 188.699219 1587455192.8205
CHLD 2 209.562500 1587455192.8206
MEM 143.898438 1587455192.9209
CHLD 0 188.746094 1587455192.9300
CHLD 1 188.699219 1587455192.9300
CHLD 2 209.562500 1587455192.9300
MEM 143.898438 1587455193.0304
CHLD 0 188.859375 1587455193.0410
CHLD 1 188.753906 1587455193.0410
CHLD 2 211.285156 1587455193.0411
MEM 143.898438 1587455193.1414
CHLD 0 189.023438 1587455193.1502
CHLD 1 189.031250 1587455193.1502
CHLD 2 213.386719 1587455193.1503
MEM 143.898438 1587455193.2506
CHLD 0 253.410156 1587455193.2647
CHLD 1 254.367188 1587455193.2647
CHLD 2 216.531250 1587455193.2648
MEM 143.898438 1587455193.3651
CHLD 0 263.980469 1587455193.3804
CHLD 1 264.937500 1587455193.3805
CHLD 2 218.679688 1587455193.3805
MEM 143.898438 1587455193.4809
CHLD 0 281.511719 1587455193.4911
CHLD 1 281.437500 1587455193.4911
CHLD 2 218.679688 1587455193.4912
MEM 143.898438 1587455193.5916
CHLD 0 281.511719 1587455193.6004
CHLD 1 281.437500 1587455193.6004
CHLD 2 218.679688 1587455193.6004
MEM 143.898438 1587455193.7008
CHLD 0 252.964844 1587455193.7091
CHLD 1 258.304688 1587455193.7091
CHLD 2 218.679688 1587455193.7092
MEM 143.898438 1587455193.8094
CHLD 0 262.246094 1587455193.8179
CHLD 1 281.507812 1587455193.8179
CHLD 2 218.679688 1587455193.8180
MEM 143.898438 1587455193.9183
CHLD 0 281.582031 1587455193.9268
CHLD 1 281.507812 1587455193.9268
CHLD 2 218.679688 1587455193.9269
MEM 143.898438 1587455194.0275
CHLD 0 281.582031 1587455194.0366
CHLD 1 252.117188 1587455194.0367
CHLD 2 218.679688 1587455194.0367
MEM 143.898438 1587455194.1370
CHLD 0 255.027344 1587455194.1458
CHLD 1 263.976562 1587455194.1459
CHLD 2 218.679688 1587455194.1459
MEM 143.898438 1587455194.2462
CHLD 0 264.308594 1587455194.2552
CHLD 1 281.507812 1587455194.2552
CHLD 2 218.679688 1587455194.2552
MEM 143.898438 1587455194.3556
CHLD 0 281.582031 1587455194.3642
CHLD 1 251.859375 1587455194.3643
CHLD 2 218.679688 1587455194.3643
MEM 143.898438 1587455194.4647
CHLD 0 252.707031 1587455194.4734
CHLD 1 260.882812 1587455194.4734
CHLD 2 218.679688 1587455194.4735
MEM 143.898438 1587455194.5738
CHLD 0 262.503906 1587455194.5834
CHLD 1 281.507812 1587455194.5834
CHLD 2 218.679688 1587455194.5835
MEM 143.898438 1587455194.6838
CHLD 0 281.582031 1587455194.6927
CHLD 1 281.507812 1587455194.6928
CHLD 2 218.679688 1587455194.6928
MEM 143.898438 1587455194.7931
CHLD 0 281.582031 1587455194.8013
CHLD 1 249.542969 1587455194.8013
CHLD 2 218.679688 1587455194.8014
MEM 143.898438 1587455194.9017
CHLD 0 249.617188 1587455194.9107
CHLD 1 249.542969 1587455194.9108
CHLD 2 218.679688 1587455194.9108
MEM 143.898438 1587455195.0112
CHLD 0 249.617188 1587455195.0193
CHLD 1 249.542969 1587455195.0194
CHLD 2 218.679688 1587455195.0194
MEM 143.898438 1587455195.1197
CHLD 0 249.617188 1587455195.1281
CHLD 1 249.542969 1587455195.1281
CHLD 2 218.679688 1587455195.1282
MEM 143.898438 1587455195.2285
CHLD 0 249.617188 1587455195.2378
CHLD 1 249.542969 1587455195.2378
CHLD 2 218.679688 1587455195.2379
MEM 143.898438 1587455195.3382
CHLD 0 249.617188 1587455195.3465
CHLD 1 249.542969 1587455195.3465
CHLD 2 218.679688 1587455195.3466
MEM 143.898438 1587455195.4469
CHLD 0 249.617188 1587455195.4553
CHLD 1 249.542969 1587455195.4553
CHLD 2 218.679688 1587455195.4554
MEM 143.898438 1587455195.5557
CHLD 0 249.617188 1587455195.5651
CHLD 1 249.542969 1587455195.5651
CHLD 2 218.679688 1587455195.5652
MEM 143.898438 1587455195.6655
CHLD 0 249.617188 1587455195.6739
CHLD 1 249.542969 1587455195.6740
CHLD 2 218.679688 1587455195.6740
MEM 143.898438 1587455195.7744
CHLD 0 249.617188 1587455195.7827
CHLD 1 249.542969 1587455195.7828
CHLD 2 218.976562 1587455195.7828
MEM 143.898438 1587455195.8831
CHLD 0 249.617188 1587455195.8919
CHLD 1 249.796875 1587455195.8919
CHLD 2 219.398438 1587455195.8920
MEM 143.898438 1587455195.9923
CHLD 0 249.871094 1587455196.0021
CHLD 1 250.054688 1587455196.0022
CHLD 2 221.175781 1587455196.0022
MEM 143.898438 1587455196.1025
CHLD 0 250.128906 1587455196.1126
CHLD 1 250.312500 1587455196.1127
CHLD 2 328.390625 1587455196.1127
MEM 143.898438 1587455196.2135
CHLD 0 250.386719 1587455196.2225
CHLD 1 250.312500 1587455196.2226
CHLD 2 328.636719 1587455196.2226
MEM 143.898438 1587455196.3229
CHLD 0 250.644531 1587455196.3327
CHLD 1 250.570312 1587455196.3328
CHLD 2 328.636719 1587455196.3328
MEM 143.898438 1587455196.4331
CHLD 0 250.644531 1587455196.4445
CHLD 1 250.828125 1587455196.4446
CHLD 2 328.636719 1587455196.4446
MEM 143.898438 1587455196.5450
CHLD 0 250.644531 1587455196.5530
CHLD 1 250.828125 1587455196.5531
CHLD 2 328.636719 1587455196.5531
MEM 143.898438 1587455196.6534
CHLD 0 250.644531 1587455196.6623
CHLD 1 250.828125 1587455196.6624
CHLD 2 328.636719 1587455196.6624
MEM 143.898438 1587455196.7627
CHLD 0 250.902344 1587455196.7713
CHLD 1 251.085938 1587455196.7714
CHLD 2 328.636719 1587455196.7714
MEM 143.898438 1587455196.8717
CHLD 0 250.902344 1587455196.8816
CHLD 1 251.085938 1587455196.8816
CHLD 2 328.636719 1587455196.8817
MEM 143.898438 1587455196.9821
CHLD 0 251.160156 1587455196.9914
CHLD 1 251.343750 1587455196.9914
CHLD 2 328.636719 1587455196.9915
MEM 143.898438 1587455197.0918
CHLD 0 251.160156 1587455197.1003
CHLD 1 251.343750 1587455197.1003
CHLD 2 328.636719 1587455197.1003
MEM 143.898438 1587455197.2007
CHLD 0 251.160156 1587455197.2098
CHLD 1 251.343750 1587455197.2099
CHLD 2 328.636719 1587455197.2099
MEM 143.898438 1587455197.3103
CHLD 0 251.417969 1587455197.3191
CHLD 1 251.601562 1587455197.3191
CHLD 2 328.636719 1587455197.3191
MEM 143.898438 1587455197.4195
CHLD 0 251.417969 1587455197.4286
CHLD 1 251.601562 1587455197.4287
CHLD 2 328.636719 1587455197.4287
MEM 143.898438 1587455197.5291
CHLD 0 251.417969 1587455197.5376
CHLD 1 251.601562 1587455197.5377
CHLD 2 328.636719 1587455197.5377
MEM 143.898438 1587455197.6380
CHLD 0 251.675781 1587455197.6473
CHLD 1 251.859375 1587455197.6474
CHLD 2 328.636719 1587455197.6474
MEM 143.898438 1587455197.7478
CHLD 0 251.675781 1587455197.7596
CHLD 1 251.859375 1587455197.7597
CHLD 2 328.636719 1587455197.7597
MEM 143.898438 1587455197.8606
CHLD 0 251.933594 1587455197.8702
CHLD 1 251.859375 1587455197.8703
CHLD 2 328.636719 1587455197.8703
MEM 143.898438 1587455197.9707
CHLD 0 251.933594 1587455197.9814
CHLD 1 252.117188 1587455197.9814
CHLD 2 328.636719 1587455197.9814
MEM 143.898438 1587455198.0818
CHLD 0 252.191406 1587455198.0922
CHLD 1 252.117188 1587455198.0923
CHLD 2 328.636719 1587455198.0923
MEM 143.898438 1587455198.1926
CHLD 0 252.191406 1587455198.2018
CHLD 1 252.117188 1587455198.2018
CHLD 2 328.636719 1587455198.2018
MEM 143.898438 1587455198.3022
CHLD 0 252.449219 1587455198.3113
CHLD 1 252.375000 1587455198.3113
CHLD 2 328.636719 1587455198.3113
MEM 143.898438 1587455198.4117
CHLD 0 252.449219 1587455198.4198
CHLD 1 252.375000 1587455198.4198
CHLD 2 328.816406 1587455198.4199
MEM 143.898438 1587455198.5202
CHLD 0 252.707031 1587455198.5293
CHLD 1 252.632812 1587455198.5294
CHLD 2 328.925781 1587455198.5294
MEM 143.898438 1587455198.6297
CHLD 0 252.964844 1587455198.6381
CHLD 1 252.632812 1587455198.6382
CHLD 2 329.324219 1587455198.6382
MEM 143.898438 1587455198.7386
CHLD 0 253.222656 1587455198.7480
CHLD 1 252.890625 1587455198.7480
CHLD 2 499.964844 1587455198.7480
MEM 143.898438 1587455198.8484
CHLD 0 253.480469 1587455198.8573
CHLD 1 253.148438 1587455198.8574
CHLD 2 540.699219 1587455198.8574
MEM 143.898438 1587455198.9580
CHLD 0 253.738281 1587455198.9691
CHLD 1 253.406250 1587455198.9691
CHLD 2 626.550781 1587455198.9692
MEM 143.898438 1587455199.0696
CHLD 0 254.328125 1587455199.0839
CHLD 1 253.664062 1587455199.0840
CHLD 2 626.550781 1587455199.0840
MEM 143.898438 1587455199.1844
CHLD 0 254.328125 1587455199.1934
CHLD 1 254.253906 1587455199.1935
CHLD 2 504.667969 1587455199.1935
MEM 143.898438 1587455199.2943
CHLD 0 254.585938 1587455199.3050
CHLD 1 254.511719 1587455199.3050
CHLD 2 546.175781 1587455199.3050
MEM 143.898438 1587455199.4058
CHLD 0 197.546875 1587455199.4156
CHLD 1 254.511719 1587455199.4156
CHLD 2 626.613281 1587455199.4157
MEM 143.898438 1587455199.5160
CHLD 0 198.031250 1587455199.5350
CHLD 1 198.199219 1587455199.5351
CHLD 2 626.613281 1587455199.5351
MEM 143.898438 1587455199.6355
CHLD 0 209.535156 1587455199.6480
CHLD 1 209.703125 1587455199.6481
CHLD 2 550.976562 1587455199.6481
MEM 143.898438 1587455199.7488
CHLD 0 209.546875 1587455199.7594
CHLD 1 209.703125 1587455199.7594
CHLD 2 576.339844 1587455199.7595
MEM 143.898438 1587455199.8598
CHLD 0 209.546875 1587455199.8704
CHLD 1 209.703125 1587455199.8704
CHLD 2 615.785156 1587455199.8705
MEM 143.898438 1587455199.9708
CHLD 0 209.546875 1587455199.9824
CHLD 1 209.703125 1587455199.9824
CHLD 2 679.207031 1587455199.9825
MEM 143.898438 1587455200.0828
CHLD 0 209.546875 1587455200.0948
CHLD 1 209.703125 1587455200.0948
CHLD 2 679.207031 1587455200.0949
MEM 143.898438 1587455200.1955
CHLD 0 209.546875 1587455200.2113
CHLD 1 209.703125 1587455200.2113
CHLD 2 679.207031 1587455200.2113
MEM 143.898438 1587455200.3117
CHLD 0 209.546875 1587455200.3210
CHLD 1 209.703125 1587455200.3210
CHLD 2 679.207031 1587455200.3210
MEM 143.898438 1587455200.4214
CHLD 0 209.546875 1587455200.4310
CHLD 1 209.703125 1587455200.4311
CHLD 2 679.207031 1587455200.4311
MEM 143.898438 1587455200.5315
CHLD 0 209.546875 1587455200.5415
CHLD 1 209.703125 1587455200.5415
CHLD 2 679.207031 1587455200.5415
MEM 143.898438 1587455200.6420
CHLD 0 209.546875 1587455200.6517
CHLD 1 209.703125 1587455200.6518
CHLD 2 679.207031 1587455200.6518
MEM 143.898438 1587455200.7523
CHLD 0 209.574219 1587455200.7618
CHLD 1 209.703125 1587455200.7618
CHLD 2 679.207031 1587455200.7619
MEM 143.898438 1587455200.8624
CHLD 0 209.683594 1587455200.8778
CHLD 1 209.757812 1587455200.8779
CHLD 2 560.078125 1587455200.8779
MEM 143.898438 1587455200.9784
CHLD 0 220.597656 1587455200.9891
CHLD 1 209.917969 1587455200.9912
CHLD 2 581.734375 1587455200.9913
MEM 143.898438 1587455201.0916
CHLD 0 220.597656 1587455201.1008
CHLD 1 220.753906 1587455201.1009
CHLD 2 590.757812 1587455201.1009
MEM 143.898438 1587455201.2013
CHLD 0 220.597656 1587455201.2129
CHLD 1 220.753906 1587455201.2129
CHLD 2 598.750000 1587455201.2129
MEM 143.898438 1587455201.3133
CHLD 0 220.597656 1587455201.3229
CHLD 1 220.753906 1587455201.3229
CHLD 2 606.484375 1587455201.3229
MEM 143.898438 1587455201.4233
CHLD 0 220.597656 1587455201.4327
CHLD 1 220.753906 1587455201.4328
CHLD 2 611.898438 1587455201.4328
MEM 143.898438 1587455201.5332
CHLD 0 220.597656 1587455201.5424
CHLD 1 220.753906 1587455201.5425
CHLD 2 633.812500 1587455201.5425
MEM 143.898438 1587455201.6429
CHLD 0 220.812500 1587455201.6511
CHLD 1 220.753906 1587455201.6512
CHLD 2 678.156250 1587455201.6512
MEM 143.898438 1587455201.7516
CHLD 0 220.812500 1587455201.7612
CHLD 1 220.753906 1587455201.7612
CHLD 2 679.187500 1587455201.7613
MEM 143.898438 1587455201.8616
CHLD 0 268.250000 1587455201.8727
CHLD 1 220.968750 1587455201.8727
CHLD 2 679.187500 1587455201.8727
MEM 143.898438 1587455201.9733
CHLD 0 296.609375 1587455201.9861
CHLD 1 276.656250 1587455201.9861
CHLD 2 679.187500 1587455201.9861
MEM 143.898438 1587455202.0867
CHLD 0 277.074219 1587455202.1014
CHLD 1 296.765625 1587455202.1015
CHLD 2 679.187500 1587455202.1016
MEM 143.898438 1587455202.2019
CHLD 0 266.503906 1587455202.2139
CHLD 1 287.542969 1587455202.2140
CHLD 2 539.890625 1587455202.2140
MEM 143.898438 1587455202.3144
CHLD 0 296.667969 1587455202.3241
CHLD 1 265.886719 1587455202.3241
CHLD 2 540.144531 1587455202.3242
MEM 143.898438 1587455202.4246
CHLD 0 296.667969 1587455202.4337
CHLD 1 296.824219 1587455202.4338
CHLD 2 540.402344 1587455202.4338
MEM 143.898438 1587455202.5341
CHLD 0 264.703125 1587455202.5424
CHLD 1 277.746094 1587455202.5424
CHLD 2 540.660156 1587455202.5425
MEM 143.898438 1587455202.6429
CHLD 0 264.703125 1587455202.6521
CHLD 1 264.859375 1587455202.6522
CHLD 2 540.917969 1587455202.6522
MEM 143.898438 1587455202.7526
CHLD 0 264.703125 1587455202.7622
CHLD 1 264.859375 1587455202.7623
CHLD 2 540.917969 1587455202.7623
MEM 143.898438 1587455202.8627
CHLD 0 264.703125 1587455202.8724
CHLD 1 264.859375 1587455202.8725
CHLD 2 541.175781 1587455202.8725
MEM 143.898438 1587455202.9729
CHLD 0 264.703125 1587455202.9842
CHLD 1 264.859375 1587455202.9843
CHLD 2 541.433594 1587455202.9843
MEM 143.898438 1587455203.0846
CHLD 0 264.703125 1587455203.0950
CHLD 1 264.859375 1587455203.0951
CHLD 2 541.691406 1587455203.0951
MEM 143.898438 1587455203.1954
CHLD 0 264.703125 1587455203.2058
CHLD 1 264.859375 1587455203.2058
CHLD 2 541.949219 1587455203.2058
MEM 143.898438 1587455203.3062
CHLD 0 264.703125 1587455203.3162
CHLD 1 264.859375 1587455203.3163
CHLD 2 542.464844 1587455203.3163
MEM 143.898438 1587455203.4166
CHLD 0 264.703125 1587455203.4292
CHLD 1 264.859375 1587455203.4293
CHLD 2 542.722656 1587455203.4293
MEM 143.898438 1587455203.5296
CHLD 0 264.703125 1587455203.5380
CHLD 1 264.859375 1587455203.5380
CHLD 2 542.980469 1587455203.5380
MEM 143.898438 1587455203.6384
CHLD 0 264.703125 1587455203.6504
CHLD 1 264.859375 1587455203.6505
CHLD 2 543.238281 1587455203.6505
MEM 143.898438 1587455203.7508
CHLD 0 264.703125 1587455203.7626
CHLD 1 264.859375 1587455203.7626
CHLD 2 543.496094 1587455203.7627
MEM 143.898438 1587455203.8806
CHLD 0 264.703125 1587455203.9144
CHLD 1 264.859375 1587455203.9144
CHLD 2 544.011719 1587455203.9144
MEM 143.898438 1587455204.0150
CHLD 0 264.703125 1587455204.0272
CHLD 1 264.859375 1587455204.0273
CHLD 2 544.269531 1587455204.0273
MEM 143.898438 1587455204.1277
CHLD 0 264.703125 1587455204.1363
CHLD 1 264.859375 1587455204.1364
CHLD 2 544.527344 1587455204.1364
MEM 143.898438 1587455204.2368
CHLD 0 264.703125 1587455204.2462
CHLD 1 264.859375 1587455204.2462
CHLD 2 544.785156 1587455204.2463
MEM 143.898438 1587455204.3467
CHLD 0 264.703125 1587455204.3551
CHLD 1 264.859375 1587455204.3551
CHLD 2 545.042969 1587455204.3551
MEM 143.898438 1587455204.4555
CHLD 0 264.703125 1587455204.4652
CHLD 1 264.859375 1587455204.4652
CHLD 2 545.300781 1587455204.4653
MEM 143.898438 1587455204.5656
CHLD 0 264.703125 1587455204.5797
CHLD 1 264.859375 1587455204.5798
CHLD 2 545.558594 1587455204.5798
MEM 143.898438 1587455204.6833
CHLD 0 264.703125 1587455204.6943
CHLD 1 264.859375 1587455204.6943
CHLD 2 545.816406 1587455204.6944
MEM 143.898438 1587455204.7947
CHLD 0 264.703125 1587455204.8044
CHLD 1 264.859375 1587455204.8045
CHLD 2 546.074219 1587455204.8045
MEM 143.898438 1587455204.9049
CHLD 0 264.703125 1587455204.9149
CHLD 1 264.859375 1587455204.9149
CHLD 2 546.332031 1587455204.9150
MEM 143.898438 1587455205.0153
CHLD 0 220.914062 1587455205.0255
CHLD 1 264.859375 1587455205.0255
CHLD 2 546.589844 1587455205.0256
MEM 143.898438 1587455205.1261
CHLD 0 220.914062 1587455205.1352
CHLD 1 264.859375 1587455205.1353
CHLD 2 546.847656 1587455205.1353
MEM 143.898438 1587455205.2357
CHLD 0 220.828125 1587455205.2466
CHLD 1 547.105469 1587455205.2466
MEM 143.898438 1587455205.3470
CHLD 0 220.914062 1587455205.3535
CHLD 1 547.363281 1587455205.3536
MEM 143.898438 1587455205.4542
CHLD 0 221.425781 1587455205.4781
CHLD 1 547.621094 1587455205.4782
MEM 143.898438 1587455205.5785
CHLD 0 221.425781 1587455205.5953
CHLD 1 547.878906 1587455205.5953
MEM 143.898438 1587455205.6957
CHLD 0 221.425781 1587455205.7127
CHLD 1 547.878906 1587455205.7128
MEM 143.898438 1587455205.8131
CHLD 0 221.425781 1587455205.8228
CHLD 1 548.136719 1587455205.8229
MEM 143.898438 1587455205.9233
CHLD 0 221.425781 1587455205.9327
CHLD 1 548.136719 1587455205.9327
MEM 143.898438 1587455206.0331
CHLD 0 221.425781 1587455206.0436
CHLD 1 548.136719 1587455206.0437
MEM 143.898438 1587455206.1441
CHLD 0 221.597656 1587455206.1545
CHLD 1 548.394531 1587455206.1546
MEM 143.898438 1587455206.2549
CHLD 0 221.597656 1587455206.2651
CHLD 1 548.394531 1587455206.2651
MEM 143.898438 1587455206.3656
CHLD 0 221.597656 1587455206.3783
CHLD 1 548.652344 1587455206.3783
MEM 143.898438 1587455206.4786
CHLD 0 221.597656 1587455206.4897
CHLD 1 548.652344 1587455206.4897
MEM 143.898438 1587455206.5902
CHLD 0 221.597656 1587455206.6078
CHLD 1 548.910156 1587455206.6078
MEM 143.898438 1587455206.7095
CHLD 0 281.167969 1587455206.7211
CHLD 1 549.167969 1587455206.7212
MEM 143.898438 1587455206.8236
CHLD 0 281.296875 1587455206.8349
CHLD 1 549.425781 1587455206.8350
MEM 143.898438 1587455206.9353
CHLD 0 281.296875 1587455206.9487
CHLD 1 549.683594 1587455206.9488
MEM 143.898438 1587455207.0491
CHLD 0 277.687500 1587455207.0590
CHLD 1 550.199219 1587455207.0591
MEM 143.898438 1587455207.1594
CHLD 0 249.332031 1587455207.1679
CHLD 1 550.457031 1587455207.1680
MEM 143.898438 1587455207.2683
CHLD 0 249.332031 1587455207.2764
CHLD 1 550.714844 1587455207.2764
MEM 143.898438 1587455207.3768
CHLD 0 249.332031 1587455207.3854
CHLD 1 551.230469 1587455207.3855
MEM 143.898438 1587455207.4858
CHLD 0 249.332031 1587455207.4961
CHLD 1 551.488281 1587455207.4961
MEM 143.898438 1587455207.5964
CHLD 0 249.332031 1587455207.6043
CHLD 1 552.003906 1587455207.6043
MEM 143.898438 1587455207.7046
CHLD 0 249.332031 1587455207.7133
CHLD 1 552.261719 1587455207.7134
MEM 143.898438 1587455207.8137
CHLD 0 249.332031 1587455207.8219
CHLD 1 552.777344 1587455207.8219
MEM 143.898438 1587455207.9223
CHLD 0 249.332031 1587455207.9302
CHLD 1 553.035156 1587455207.9303
MEM 143.898438 1587455208.0306
CHLD 0 249.332031 1587455208.0384
CHLD 1 553.550781 1587455208.0385
MEM 143.898438 1587455208.1388
CHLD 0 249.332031 1587455208.1472
CHLD 1 553.808594 1587455208.1473
MEM 143.898438 1587455208.2476
CHLD 0 249.332031 1587455208.2554
CHLD 1 554.324219 1587455208.2555
MEM 143.898438 1587455208.3559
CHLD 0 249.332031 1587455208.3642
CHLD 1 554.582031 1587455208.3642
MEM 143.898438 1587455208.4648
CHLD 0 249.332031 1587455208.4767
CHLD 1 554.839844 1587455208.4768
MEM 143.898438 1587455208.5771
CHLD 0 0.000000 1587455208.5867
CHLD 1 555.355469 1587455208.5868
MEM 143.898438 1587455208.6871
CHLD 0 0.000000 1587455208.6943
CHLD 1 555.613281 1587455208.6944
MEM 143.898438 1587455208.7948
CHLD 0 0.000000 1587455208.8053
CHLD 1 556.128906 1587455208.8054
MEM 143.898438 1587455208.9057
CHLD 0 0.000000 1587455208.9142
CHLD 1 556.386719 1587455208.9143
MEM 143.898438 1587455209.0146
CHLD 0 0.000000 1587455209.0232
CHLD 1 556.644531 1587455209.0233
MEM 143.898438 1587455209.1236
CHLD 0 0.000000 1587455209.1347
CHLD 1 557.160156 1587455209.1347
MEM 143.898438 1587455209.2351
CHLD 0 0.000000 1587455209.2435
CHLD 1 557.417969 1587455209.2436
MEM 143.898438 1587455209.3440
CHLD 0 0.000000 1587455209.3524
CHLD 1 557.675781 1587455209.3525
MEM 143.898438 1587455209.4528
CHLD 0 0.000000 1587455209.4630
CHLD 1 558.191406 1587455209.4630
MEM 143.898438 1587455209.5634
CHLD 0 0.000000 1587455209.5713
CHLD 1 558.449219 1587455209.5713
MEM 143.898438 1587455209.6716
CHLD 0 0.000000 1587455209.6805
CHLD 1 558.707031 1587455209.6806
MEM 143.898438 1587455209.7810
CHLD 0 0.000000 1587455209.7905
CHLD 1 559.222656 1587455209.7906
MEM 143.898438 1587455209.8909
CHLD 0 0.000000 1587455209.8993
CHLD 1 559.480469 1587455209.8993
MEM 143.898438 1587455209.9996
CHLD 0 0.000000 1587455210.0086
CHLD 1 559.996094 1587455210.0087
MEM 143.898438 1587455210.1091
CHLD 0 0.000000 1587455210.1163
CHLD 1 560.253906 1587455210.1163
MEM 143.898438 1587455210.2166
CHLD 0 0.000000 1587455210.2229
CHLD 1 560.511719 1587455210.2229
MEM 143.898438 1587455210.3233
CHLD 0 0.000000 1587455210.3305
CHLD 1 561.027344 1587455210.3305
MEM 143.898438 1587455210.4308
CHLD 0 0.000000 1587455210.4370
CHLD 1 561.285156 1587455210.4370
MEM 143.898438 1587455210.5374
CHLD 0 0.000000 1587455210.5454
CHLD 1 561.800781 1587455210.5454
MEM 143.898438 1587455210.6458
CHLD 0 0.000000 1587455210.6519
CHLD 1 562.058594 1587455210.6519
MEM 143.898438 1587455210.7523
CHLD 0 0.000000 1587455210.7585
CHLD 1 562.574219 1587455210.7585
MEM 143.898438 1587455210.8588
CHLD 0 0.000000 1587455210.8647
CHLD 1 562.832031 1587455210.8648
MEM 143.898438 1587455210.9652
CHLD 0 0.000000 1587455210.9712
CHLD 1 563.347656 1587455210.9712
MEM 143.898438 1587455211.0716
CHLD 0 0.000000 1587455211.0800
CHLD 1 563.605469 1587455211.0800
MEM 143.898438 1587455211.1803
CHLD 0 0.000000 1587455211.1885
CHLD 1 458.832031 1587455211.1886
MEM 143.898438 1587455211.2889
CHLD 0 0.000000 1587455211.2974
CHLD 1 458.832031 1587455211.2974
MEM 143.898438 1587455211.3978
CHLD 0 0.000000 1587455211.4064
CHLD 1 459.417969 1587455211.4065
MEM 143.898438 1587455211.5069
CHLD 0 0.000000 1587455211.5149
CHLD 1 459.675781 1587455211.5150
MEM 143.898438 1587455211.6153
CHLD 0 0.000000 1587455211.6235
CHLD 1 459.675781 1587455211.6235
MEM 143.898438 1587455211.7244
CHLD 0 0.000000 1587455211.7334
CHLD 1 459.933594 1587455211.7334
MEM 143.898438 1587455211.8338
CHLD 0 0.000000 1587455211.8424
CHLD 1 460.191406 1587455211.8424
MEM 143.898438 1587455211.9428
CHLD 0 0.000000 1587455211.9512
CHLD 1 460.449219 1587455211.9512
MEM 143.898438 1587455212.0516
CHLD 0 0.000000 1587455212.0649
CHLD 1 460.707031 1587455212.0650
MEM 143.898438 1587455212.1654
CHLD 0 0.000000 1587455212.1713
CHLD 1 460.964844 1587455212.1714
MEM 143.898438 1587455212.2717
CHLD 0 0.000000 1587455212.2800
CHLD 1 461.222656 1587455212.2800
MEM 143.898438 1587455212.3804
CHLD 0 0.000000 1587455212.3873
CHLD 1 126.195312 1587455212.3874
MEM 143.898438 1587455212.4877
CHLD 0 0.000000 1587455212.4956
CHLD 1 302.496094 1587455212.4956
MEM 143.898438 1587455212.5960
CHLD 0 0.000000 1587455212.6038
CHLD 1 350.687500 1587455212.6038
MEM 143.898438 1587455212.7042
CHLD 0 0.000000 1587455212.7124
CHLD 1 384.882812 1587455212.7125
MEM 143.898438 1587455212.8128
CHLD 0 0.000000 1587455212.8230
CHLD 1 337.144531 1587455212.8230
MEM 143.898438 1587455212.9234
CHLD 0 0.000000 1587455212.9328
CHLD 1 337.144531 1587455212.9328
MEM 143.898438 1587455213.0332
CHLD 0 0.000000 1587455213.0432
CHLD 1 337.144531 1587455213.0432
MEM 143.898438 1587455213.1436
CHLD 0 0.000000 1587455213.1531
CHLD 1 337.144531 1587455213.1531
MEM 144.167969 1587455213.2535
MEM 144.167969 1587455213.3629
MEM 144.167969 1587455213.4718
MEM 144.167969 1587455213.5794
MEM 144.167969 1587455213.6992
MEM 144.167969 1587455213.8170
MEM 144.167969 1587455213.9336
MEM 144.167969 1587455214.0510
MEM 144.167969 1587455214.1672
MEM 144.167969 1587455214.2875
MEM 144.167969 1587455214.4021
MEM 144.167969 1587455214.5177
MEM 144.167969 1587455214.6391
MEM 144.167969 1587455214.7594
MEM 144.167969 1587455214.8811
MEM 144.167969 1587455215.0028
MEM 144.167969 1587455215.1283
MEM 144.167969 1587455215.2544
MEM 144.167969 1587455215.3625
MEM 144.167969 1587455215.4851
MEM 144.167969 1587455215.6074
MEM 144.167969 1587455215.7275
MEM 144.167969 1587455215.8477
MEM 144.167969 1587455215.9559
MEM 144.167969 1587455216.0824
MEM 144.167969 1587455216.2133
MEM 144.167969 1587455216.3325
MEM 144.167969 1587455216.4457
MEM 144.167969 1587455216.5768
MEM 144.167969 1587455216.6882
MEM 144.167969 1587455216.8075
MEM 144.167969 1587455216.9267
MEM 144.167969 1587455217.0472
MEM 144.167969 1587455217.1685
MEM 144.167969 1587455217.2901
MEM 144.167969 1587455217.4108
MEM 144.167969 1587455217.5286
MEM 144.167969 1587455217.6501
MEM 144.167969 1587455217.7705
MEM 144.167969 1587455217.8881
MEM 144.167969 1587455218.0082
MEM 144.167969 1587455218.1290
MEM 144.167969 1587455218.2482
MEM 144.167969 1587455218.3677
MEM 144.167969 1587455218.4881
MEM 144.167969 1587455218.6082
MEM 144.167969 1587455218.7287
MEM 144.167969 1587455218.8436
MEM 144.167969 1587455218.9630
MEM 144.167969 1587455219.0831
MEM 144.167969 1587455219.2027
MEM 144.167969 1587455219.3096
MEM 144.167969 1587455219.4299
MEM 144.167969 1587455219.5565
MEM 144.167969 1587455219.6764
MEM 144.167969 1587455219.7917
MEM 144.167969 1587455219.9130
MEM 144.167969 1587455220.0329
MEM 144.167969 1587455220.1528
MEM 144.167969 1587455220.2724
MEM 144.167969 1587455220.3935
MEM 144.167969 1587455220.5135
MEM 144.167969 1587455220.6221
MEM 144.167969 1587455220.7433
MEM 144.167969 1587455220.8629
MEM 144.167969 1587455220.9837
MEM 144.167969 1587455221.1053
MEM 144.167969 1587455221.2249
MEM 144.167969 1587455221.3449
MEM 144.167969 1587455221.4654
MEM 144.167969 1587455221.5722
MEM 144.167969 1587455221.6972
MEM 144.167969 1587455221.8211
MEM 144.167969 1587455221.9350
MEM 144.167969 1587455222.0617
MEM 144.167969 1587455222.1856
MEM 144.167969 1587455222.3125
MEM 144.167969 1587455222.4368
MEM 144.167969 1587455222.5733
MEM 144.167969 1587455222.6890
MEM 144.167969 1587455222.8094
MEM 144.167969 1587455222.9294
MEM 144.167969 1587455223.0491
MEM 144.167969 1587455223.1741
MEM 144.167969 1587455223.2950
MEM 144.167969 1587455223.4151
MEM 144.167969 1587455223.5408
MEM 144.167969 1587455223.6718
MEM 144.167969 1587455223.7918
MEM 144.167969 1587455223.9128
MEM 144.167969 1587455224.0331
MEM 144.167969 1587455224.1548
MEM 144.167969 1587455224.2753
MEM 144.167969 1587455224.3981
MEM 144.167969 1587455224.5188
MEM 144.167969 1587455224.6397
MEM 144.167969 1587455224.7644
MEM 144.167969 1587455224.8834
MEM 144.167969 1587455225.0046
MEM 144.167969 1587455225.1263
MEM 144.167969 1587455225.2460
MEM 144.167969 1587455225.3672
MEM 144.167969 1587455225.4887
MEM 144.167969 1587455225.6101
MEM 144.167969 1587455225.7299
MEM 144.167969 1587455225.8496
MEM 144.167969 1587455225.9697
MEM 144.167969 1587455226.0909
MEM 144.167969 1587455226.2142
MEM 144.167969 1587455226.3353
MEM 144.167969 1587455226.4594
MEM 144.167969 1587455226.5806
MEM 144.167969 1587455226.7046
MEM 144.167969 1587455226.8277
MEM 144.167969 1587455226.9488
MEM 144.167969 1587455227.0711
MEM 144.167969 1587455227.1955
MEM 144.167969 1587455227.3163
MEM 144.167969 1587455227.4368
MEM 144.167969 1587455227.5553
MEM 144.167969 1587455227.6755
MEM 144.167969 1587455227.7958
MEM 144.167969 1587455227.9189
MEM 144.167969 1587455228.0382
MEM 144.167969 1587455228.1631
MEM 144.167969 1587455228.2841
MEM 144.167969 1587455228.4007
MEM 144.167969 1587455228.5213
MEM 144.167969 1587455228.6399
MEM 144.167969 1587455228.7595
MEM 144.167969 1587455228.8794
MEM 144.167969 1587455229.0000
MEM 144.167969 1587455229.1210
MEM 144.167969 1587455229.2430
MEM 144.167969 1587455229.3634
MEM 144.167969 1587455229.4709
MEM 144.167969 1587455229.5786
MEM 144.167969 1587455229.6983
MEM 144.167969 1587455229.8187
MEM 144.167969 1587455229.9385
MEM 144.167969 1587455230.0616
MEM 144.167969 1587455230.1843
MEM 144.167969 1587455230.2959
MEM 144.167969 1587455230.4091
MEM 144.167969 1587455230.5282
MEM 144.167969 1587455230.6485
MEM 144.167969 1587455230.7694
MEM 144.167969 1587455230.8915
MEM 144.167969 1587455231.0121
MEM 144.167969 1587455231.1333
MEM 144.167969 1587455231.2539
MEM 144.167969 1587455231.3719
MEM 144.167969 1587455231.4828
MEM 144.167969 1587455231.5945
MEM 144.167969 1587455231.7184
MEM 144.167969 1587455231.8300
MEM 144.167969 1587455231.9364
MEM 144.167969 1587455232.0445
MEM 144.167969 1587455232.1676
MEM 144.167969 1587455232.2884
MEM 144.167969 1587455232.4090
MEM 144.167969 1587455232.5285
MEM 144.167969 1587455232.6486
MEM 144.167969 1587455232.7552
MEM 144.167969 1587455232.8745
MEM 144.167969 1587455232.9952
MEM 144.167969 1587455233.1158
MEM 144.167969 1587455233.2409
MEM 144.167969 1587455233.3637
MEM 144.167969 1587455233.4847
MEM 144.167969 1587455233.6048
MEM 144.167969 1587455233.7251
MEM 144.167969 1587455233.8451
MEM 144.167969 1587455233.9688
MEM 144.167969 1587455234.0914
MEM 144.167969 1587455234.2125
MEM 144.167969 1587455234.3328
MEM 144.167969 1587455234.4535
MEM 144.167969 1587455234.5746
MEM 144.167969 1587455234.6979
MEM 144.167969 1587455234.8174
MEM 144.167969 1587455234.9369
MEM 144.167969 1587455235.0561
MEM 144.167969 1587455235.1754
MEM 144.167969 1587455235.2969
MEM 144.167969 1587455235.4197
MEM 144.167969 1587455235.5396
MEM 144.167969 1587455235.6586
MEM 144.167969 1587455235.7781
MEM 144.167969 1587455235.9002
MEM 144.167969 1587455236.0247
MEM 144.167969 1587455236.1473
MEM 144.167969 1587455236.2677
MEM 144.167969 1587455236.3913
MEM 144.167969 1587455236.5072
MEM 144.167969 1587455236.6261
MEM 144.167969 1587455236.7382
MEM 144.167969 1587455236.8576
MEM 144.167969 1587455236.9714
MEM 144.167969 1587455237.0900
MEM 144.167969 1587455237.2105
MEM 144.167969 1587455237.3305
MEM 144.167969 1587455237.4512
MEM 144.167969 1587455237.5721
MEM 144.167969 1587455237.6933
MEM 144.167969 1587455237.8137
MEM 144.167969 1587455237.9332
MEM 144.167969 1587455238.0523
MEM 144.167969 1587455238.1735
MEM 144.167969 1587455238.2940
MEM 144.167969 1587455238.4140
MEM 144.167969 1587455238.5348
MEM 144.167969 1587455238.6427
MEM 144.167969 1587455238.7631
MEM 144.167969 1587455238.8836
MEM 144.167969 1587455239.0053
MEM 144.167969 1587455239.1253
MEM 144.167969 1587455239.2445
