CMDLINE /home/sarvesh/Downloads/HappyMongo/voiceenv/bin/python3 server.py
MEM 1.566406 1587455450.0466
MEM 19.890625 1587455450.1597
MEM 54.968750 1587455450.2781
MEM 66.425781 1587455450.4094
MEM 83.433594 1587455450.5211
MEM 100.289062 1587455450.6331
MEM 111.484375 1587455450.7479
MEM 119.542969 1587455450.8643
MEM 126.074219 1587455450.9795
MEM 136.933594 1587455451.0915
MEM 142.875000 1587455451.2055
MEM 142.875000 1587455451.3297
MEM 142.875000 1587455451.4560
MEM 142.875000 1587455451.5891
MEM 142.875000 1587455451.7239
MEM 142.875000 1587455451.8520
MEM 142.875000 1587455451.9862
MEM 142.875000 1587455452.1075
MEM 142.875000 1587455452.2231
MEM 142.875000 1587455452.3535
MEM 142.875000 1587455452.4769
MEM 142.875000 1587455452.5994
MEM 142.875000 1587455452.7322
MEM 142.875000 1587455452.8624
MEM 142.875000 1587455452.9843
MEM 142.875000 1587455453.0999
MEM 142.875000 1587455453.2132
MEM 144.121094 1587455453.3269
MEM 144.121094 1587455453.4408
MEM 144.121094 1587455453.5550
MEM 144.121094 1587455453.6682
MEM 144.121094 1587455453.7801
MEM 144.121094 1587455453.8948
MEM 144.121094 1587455454.0089
MEM 144.121094 1587455454.1242
MEM 144.300781 1587455454.2502
MEM 567.554688 1587455454.3707
CHLD 0 149.976562 1587455454.3912
CHLD 1 141.164062 1587455454.3913
CHLD 2 165.464844 1587455454.3913
MEM 670.023438 1587455454.5012
CHLD 0 156.710938 1587455454.5099
CHLD 1 158.742188 1587455454.5099
CHLD 2 209.765625 1587455454.5099
MEM 681.824219 1587455454.6231
CHLD 0 164.785156 1587455454.6752
CHLD 1 164.964844 1587455454.6752
CHLD 2 209.765625 1587455454.6753
MEM 684.320312 1587455454.7867
CHLD 0 164.785156 1587455454.8289
CHLD 1 164.964844 1587455454.8289
CHLD 2 209.765625 1587455454.8290
MEM 684.320312 1587455454.9419
CHLD 0 164.785156 1587455454.9861
CHLD 1 164.964844 1587455454.9862
CHLD 2 209.765625 1587455454.9862
MEM 684.320312 1587455455.1010
CHLD 0 164.785156 1587455455.1440
CHLD 1 164.964844 1587455455.1441
CHLD 2 209.765625 1587455455.1441
MEM 684.687500 1587455455.2574
CHLD 0 165.386719 1587455455.3094
CHLD 1 164.964844 1587455455.3094
CHLD 2 209.765625 1587455455.3094
MEM 685.519531 1587455455.4260
CHLD 0 165.984375 1587455455.4531
CHLD 1 165.140625 1587455455.4531
CHLD 2 209.765625 1587455455.4532
MEM 726.214844 1587455455.5644
CHLD 0 188.675781 1587455455.5962
CHLD 1 188.382812 1587455455.5962
CHLD 2 209.765625 1587455455.5963
MEM 731.875000 1587455455.7047
CHLD 0 188.675781 1587455455.7415
CHLD 1 188.628906 1587455455.7416
CHLD 2 209.765625 1587455455.7416
MEM 731.875000 1587455455.8512
CHLD 0 188.675781 1587455455.8790
CHLD 1 188.628906 1587455455.8791
CHLD 2 209.765625 1587455455.8791
MEM 733.593750 1587455455.9891
CHLD 0 188.730469 1587455456.0494
CHLD 1 188.628906 1587455456.0494
CHLD 2 211.429688 1587455456.0494
MEM 733.757812 1587455456.1579
CHLD 0 188.894531 1587455456.1789
CHLD 1 188.683594 1587455456.1790
CHLD 2 211.429688 1587455456.1790
MEM 736.375000 1587455456.2875
CHLD 0 198.628906 1587455456.3090
CHLD 1 188.742188 1587455456.3090
CHLD 2 213.878906 1587455456.3091
MEM 868.812500 1587455456.4176
CHLD 0 258.437500 1587455456.4417
CHLD 1 251.660156 1587455456.4417
CHLD 2 218.281250 1587455456.4417
MEM 905.667969 1587455456.5553
CHLD 0 281.382812 1587455456.5979
CHLD 1 263.003906 1587455456.5980
CHLD 2 218.281250 1587455456.5980
MEM 893.882812 1587455456.7064
CHLD 0 250.515625 1587455456.7235
CHLD 1 281.308594 1587455456.7235
CHLD 2 218.281250 1587455456.7236
MEM 871.523438 1587455456.8331
CHLD 0 261.085938 1587455456.8570
CHLD 1 250.441406 1587455456.8571
CHLD 2 218.281250 1587455456.8571
MEM 902.972656 1587455456.9656
CHLD 0 281.453125 1587455456.9916
CHLD 1 260.496094 1587455456.9916
CHLD 2 218.281250 1587455456.9917
MEM 925.917969 1587455457.1004
CHLD 0 281.453125 1587455457.1332
CHLD 1 281.378906 1587455457.1332
CHLD 2 218.281250 1587455457.1333
MEM 901.941406 1587455457.2430
CHLD 0 259.023438 1587455457.2748
CHLD 1 249.414062 1587455457.2749
CHLD 2 218.281250 1587455457.2749
MEM 901.425781 1587455457.3845
CHLD 0 281.453125 1587455457.4119
CHLD 1 258.691406 1587455457.4120
CHLD 2 218.281250 1587455457.4120
MEM 919.214844 1587455457.5224
CHLD 0 281.453125 1587455457.5464
CHLD 1 281.378906 1587455457.5578
CHLD 2 218.281250 1587455457.5579
MEM 902.457031 1587455457.6699
CHLD 0 259.539062 1587455457.7136
CHLD 1 250.957031 1587455457.7137
CHLD 2 218.281250 1587455457.7137
MEM 906.066406 1587455457.8224
CHLD 0 281.453125 1587455457.8450
CHLD 1 264.105469 1587455457.8451
CHLD 2 218.281250 1587455457.8451
MEM 925.917969 1587455457.9543
CHLD 0 281.453125 1587455457.9878
CHLD 1 281.378906 1587455457.9879
CHLD 2 218.281250 1587455457.9879
MEM 887.984375 1587455458.1099
CHLD 0 249.488281 1587455458.1393
CHLD 1 249.414062 1587455458.1394
CHLD 2 218.281250 1587455458.1394
MEM 861.988281 1587455458.2494
CHLD 0 249.488281 1587455458.2647
CHLD 1 249.414062 1587455458.2647
CHLD 2 218.281250 1587455458.2648
MEM 861.988281 1587455458.3735
CHLD 0 249.488281 1587455458.3925
CHLD 1 249.414062 1587455458.3926
CHLD 2 218.281250 1587455458.3926
MEM 861.988281 1587455458.5037
CHLD 0 249.488281 1587455458.5369
CHLD 1 249.414062 1587455458.5369
CHLD 2 218.281250 1587455458.5369
MEM 861.988281 1587455458.6456
CHLD 0 249.488281 1587455458.6731
CHLD 1 249.414062 1587455458.6731
CHLD 2 218.640625 1587455458.6732
MEM 862.347656 1587455458.7845
CHLD 0 249.488281 1587455458.8079
CHLD 1 249.414062 1587455458.8079
CHLD 2 218.757812 1587455458.8080
MEM 862.582031 1587455458.9168
CHLD 0 249.488281 1587455458.9306
CHLD 1 249.414062 1587455458.9306
CHLD 2 218.992188 1587455458.9307
MEM 865.160156 1587455459.0428
CHLD 0 249.742188 1587455459.0548
CHLD 1 249.667969 1587455459.0548
CHLD 2 220.945312 1587455459.0549
MEM 937.109375 1587455459.1669
CHLD 0 250.257812 1587455459.1762
CHLD 1 249.925781 1587455459.1762
CHLD 2 302.433594 1587455459.1763
MEM 973.964844 1587455459.2851
CHLD 0 250.515625 1587455459.2979
CHLD 1 250.183594 1587455459.2979
CHLD 2 328.460938 1587455459.2979
MEM 974.480469 1587455459.4095
CHLD 0 250.773438 1587455459.4198
CHLD 1 250.441406 1587455459.4198
CHLD 2 328.460938 1587455459.4199
MEM 974.480469 1587455459.5299
CHLD 0 251.031250 1587455459.5622
CHLD 1 250.441406 1587455459.5622
CHLD 2 328.460938 1587455459.5623
MEM 974.738281 1587455459.6710
CHLD 0 251.031250 1587455459.6950
CHLD 1 250.441406 1587455459.6950
CHLD 2 328.460938 1587455459.6951
MEM 974.996094 1587455459.8042
CHLD 0 251.031250 1587455459.8343
CHLD 1 250.699219 1587455459.8344
CHLD 2 328.460938 1587455459.8344
MEM 975.253906 1587455459.9438
CHLD 0 251.289062 1587455459.9753
CHLD 1 250.699219 1587455459.9754
CHLD 2 328.460938 1587455459.9754
MEM 975.511719 1587455460.0846
CHLD 0 251.289062 1587455460.1101
CHLD 1 250.957031 1587455460.1102
CHLD 2 328.460938 1587455460.1102
MEM 975.511719 1587455460.2216
CHLD 0 251.546875 1587455460.2461
CHLD 1 250.957031 1587455460.2462
CHLD 2 328.460938 1587455460.2462
MEM 975.769531 1587455460.3593
CHLD 0 251.546875 1587455460.3872
CHLD 1 251.214844 1587455460.3873
CHLD 2 328.460938 1587455460.3873
MEM 976.027344 1587455460.4964
CHLD 0 251.546875 1587455460.5184
CHLD 1 251.214844 1587455460.5185
CHLD 2 328.460938 1587455460.5185
MEM 976.285156 1587455460.6280
CHLD 0 251.804688 1587455460.6514
CHLD 1 251.214844 1587455460.6515
CHLD 2 328.460938 1587455460.6515
MEM 976.542969 1587455460.7604
CHLD 0 251.804688 1587455460.7897
CHLD 1 251.472656 1587455460.7897
CHLD 2 328.460938 1587455460.7898
MEM 976.800781 1587455460.8994
CHLD 0 252.062500 1587455460.9256
CHLD 1 251.472656 1587455460.9256
CHLD 2 328.460938 1587455460.9257
MEM 976.800781 1587455461.0345
CHLD 0 252.062500 1587455461.0479
CHLD 1 251.472656 1587455461.0480
CHLD 2 328.460938 1587455461.0480
MEM 977.316406 1587455461.1567
CHLD 0 252.320312 1587455461.1646
CHLD 1 251.730469 1587455461.1647
CHLD 2 328.460938 1587455461.1647
MEM 977.371094 1587455461.2731
CHLD 0 252.320312 1587455461.2902
CHLD 1 251.730469 1587455461.2902
CHLD 2 328.515625 1587455461.2902
MEM 977.886719 1587455461.3996
CHLD 0 252.578125 1587455461.4308
CHLD 1 251.988281 1587455461.4308
CHLD 2 328.515625 1587455461.4309
MEM 978.312500 1587455461.5391
CHLD 0 252.835938 1587455461.5470
CHLD 1 251.988281 1587455461.5470
CHLD 2 328.683594 1587455461.5471
MEM 981.984375 1587455461.6557
CHLD 0 253.093750 1587455461.6648
CHLD 1 252.246094 1587455461.6648
CHLD 2 329.144531 1587455461.6648
MEM 1156.316406 1587455461.7906
CHLD 0 253.351562 1587455461.7995
CHLD 1 252.503906 1587455461.7995
CHLD 2 507.976562 1587455461.7996
MEM 1199.628906 1587455461.9133
CHLD 0 253.609375 1587455461.9230
CHLD 1 252.761719 1587455461.9230
CHLD 2 550.773438 1587455461.9230
MEM 1278.234375 1587455462.0544
CHLD 0 254.097656 1587455462.0996
CHLD 1 253.277344 1587455462.0997
CHLD 2 626.312500 1587455462.0997
MEM 1278.750000 1587455462.2230
CHLD 0 254.355469 1587455462.2401
CHLD 1 253.535156 1587455462.2401
CHLD 2 626.312500 1587455462.2402
MEM 1165.601562 1587455462.3637
CHLD 0 197.375000 1587455462.3872
CHLD 1 254.023438 1587455462.3873
CHLD 2 516.542969 1587455462.3873
MEM 1153.531250 1587455462.4981
CHLD 0 197.941406 1587455462.5107
CHLD 1 254.023438 1587455462.5107
CHLD 2 559.597656 1587455462.5108
MEM 1234.832031 1587455462.6355
CHLD 0 209.375000 1587455462.6707
CHLD 1 196.457031 1587455462.6708
CHLD 2 626.371094 1587455462.6708
MEM 1178.613281 1587455462.8058
CHLD 0 209.386719 1587455462.8213
CHLD 1 198.050781 1587455462.8213
CHLD 2 626.371094 1587455462.8214
MEM 1124.820312 1587455462.9310
CHLD 0 209.386719 1587455462.9400
CHLD 1 209.484375 1587455462.9401
CHLD 2 563.464844 1587455462.9401
MEM 1136.679688 1587455463.0500
CHLD 0 209.386719 1587455463.0816
CHLD 1 209.484375 1587455463.0817
CHLD 2 576.355469 1587455463.0817
MEM 1151.632812 1587455463.1951
CHLD 0 209.386719 1587455463.2317
CHLD 1 209.484375 1587455463.2317
CHLD 2 589.246094 1587455463.2318
MEM 1159.882812 1587455463.3484
CHLD 0 209.386719 1587455463.3671
CHLD 1 209.484375 1587455463.3672
CHLD 2 596.464844 1587455463.3672
MEM 1166.125000 1587455463.4767
CHLD 0 209.468750 1587455463.5108
CHLD 1 209.484375 1587455463.5108
CHLD 2 604.714844 1587455463.5109
MEM 1185.871094 1587455463.6199
CHLD 0 209.613281 1587455463.6472
CHLD 1 209.484375 1587455463.6473
CHLD 2 635.652344 1587455463.6473
MEM 1253.175781 1587455463.7625
CHLD 0 220.437500 1587455463.7980
CHLD 1 209.484375 1587455463.7980
CHLD 2 678.964844 1587455463.7981
MEM 1253.902344 1587455463.9097
CHLD 0 220.648438 1587455463.9444
CHLD 1 209.484375 1587455463.9445
CHLD 2 678.964844 1587455463.9445
MEM 1253.902344 1587455464.0549
CHLD 0 220.648438 1587455464.0683
CHLD 1 209.484375 1587455464.0684
CHLD 2 678.964844 1587455464.0684
MEM 1253.929688 1587455464.1783
CHLD 0 220.648438 1587455464.2252
CHLD 1 209.511719 1587455464.2253
CHLD 2 678.964844 1587455464.2253
MEM 1254.117188 1587455464.3343
CHLD 0 220.648438 1587455464.3700
CHLD 1 209.710938 1587455464.3701
CHLD 2 678.964844 1587455464.3701
MEM 1178.984375 1587455464.4831
CHLD 0 220.652344 1587455464.5216
CHLD 1 220.535156 1587455464.5217
CHLD 2 557.773438 1587455464.5217
MEM 1160.476562 1587455464.6320
CHLD 0 227.253906 1587455464.6595
CHLD 1 220.746094 1587455464.6595
CHLD 2 575.820312 1587455464.6595
MEM 1214.617188 1587455464.7687
CHLD 0 269.378906 1587455464.8096
CHLD 1 220.746094 1587455464.8096
CHLD 2 586.132812 1587455464.8097
MEM 1239.109375 1587455464.9214
CHLD 0 280.207031 1587455464.9485
CHLD 1 220.746094 1587455464.9485
CHLD 2 596.445312 1587455464.9486
MEM 1276.234375 1587455465.0621
CHLD 0 296.449219 1587455465.0717
CHLD 1 220.746094 1587455465.0717
CHLD 2 622.484375 1587455465.0717
MEM 1411.648438 1587455465.1943
CHLD 0 296.507812 1587455465.2109
CHLD 1 296.546875 1587455465.2109
CHLD 2 678.945312 1587455465.2110
MEM 1391.855469 1587455465.3261
CHLD 0 274.335938 1587455465.3370
CHLD 1 296.605469 1587455465.3371
CHLD 2 678.945312 1587455465.3371
MEM 1416.863281 1587455465.4565
CHLD 0 296.507812 1587455465.4724
CHLD 1 296.605469 1587455465.4725
CHLD 2 678.945312 1587455465.4726
MEM 1277.566406 1587455465.5855
CHLD 0 296.507812 1587455465.5972
CHLD 1 296.605469 1587455465.5973
CHLD 2 539.648438 1587455465.5973
MEM 1213.890625 1587455465.7058
CHLD 0 264.542969 1587455465.7144
CHLD 1 264.640625 1587455465.7144
CHLD 2 539.902344 1587455465.7144
MEM 1214.148438 1587455465.8226
CHLD 0 264.542969 1587455465.8338
CHLD 1 264.640625 1587455465.8338
CHLD 2 540.160156 1587455465.8338
MEM 1214.406250 1587455465.9429
CHLD 0 264.542969 1587455465.9510
CHLD 1 264.640625 1587455465.9511
CHLD 2 540.417969 1587455465.9511
MEM 1214.664062 1587455466.0610
CHLD 0 264.542969 1587455466.0698
CHLD 1 264.640625 1587455466.0699
CHLD 2 540.675781 1587455466.0699
MEM 1214.921875 1587455466.1792
CHLD 0 264.542969 1587455466.1871
CHLD 1 264.640625 1587455466.1871
CHLD 2 540.933594 1587455466.1871
MEM 1215.179688 1587455466.2966
CHLD 0 264.542969 1587455466.3050
CHLD 1 264.640625 1587455466.3050
CHLD 2 541.191406 1587455466.3051
MEM 1215.437500 1587455466.4141
CHLD 0 264.542969 1587455466.4218
CHLD 1 264.640625 1587455466.4219
CHLD 2 541.449219 1587455466.4219
MEM 1215.695312 1587455466.5315
CHLD 0 264.542969 1587455466.5424
CHLD 1 264.640625 1587455466.5425
CHLD 2 541.707031 1587455466.5425
MEM 1215.953125 1587455466.6516
CHLD 0 264.542969 1587455466.6606
CHLD 1 264.640625 1587455466.6607
CHLD 2 542.222656 1587455466.6607
MEM 1216.468750 1587455466.7712
CHLD 0 264.542969 1587455466.7860
CHLD 1 264.640625 1587455466.7861
CHLD 2 542.480469 1587455466.7861
MEM 1216.726562 1587455466.8955
CHLD 0 264.542969 1587455466.9034
CHLD 1 264.640625 1587455466.9034
CHLD 2 542.738281 1587455466.9034
MEM 1216.984375 1587455467.0127
CHLD 0 264.542969 1587455467.0205
CHLD 1 264.640625 1587455467.0206
CHLD 2 542.996094 1587455467.0206
MEM 1217.242188 1587455467.1303
CHLD 0 264.542969 1587455467.1478
CHLD 1 264.640625 1587455467.1478
CHLD 2 543.253906 1587455467.1478
MEM 1217.500000 1587455467.2582
CHLD 0 264.542969 1587455467.2666
CHLD 1 264.640625 1587455467.2667
CHLD 2 543.511719 1587455467.2667
MEM 1151.964844 1587455467.3770
CHLD 0 264.542969 1587455467.3868
CHLD 1 220.609375 1587455467.3869
CHLD 2 543.769531 1587455467.3869
MEM 1173.984375 1587455467.4973
CHLD 0 264.542969 1587455467.5068
CHLD 1 220.695312 1587455467.5068
CHLD 2 544.027344 1587455467.5072
MEM 1174.839844 1587455467.6214
CHLD 0 264.542969 1587455467.6388
CHLD 1 221.207031 1587455467.6389
CHLD 2 544.285156 1587455467.6389
MEM 1174.839844 1587455467.7514
CHLD 0 264.542969 1587455467.7879
CHLD 1 221.207031 1587455467.7879
CHLD 2 544.542969 1587455467.7879
MEM 1175.097656 1587455467.8966
CHLD 0 264.542969 1587455467.9131
CHLD 1 221.207031 1587455467.9131
CHLD 2 544.542969 1587455467.9131
MEM 1175.355469 1587455468.0216
CHLD 0 264.542969 1587455468.0299
CHLD 1 221.394531 1587455468.0299
CHLD 2 544.800781 1587455468.0300
MEM 1175.785156 1587455468.1389
CHLD 0 264.542969 1587455468.1513
CHLD 1 221.378906 1587455468.1513
CHLD 2 545.058594 1587455468.1514
MEM 1175.785156 1587455468.2627
CHLD 0 264.542969 1587455468.2885
CHLD 1 221.378906 1587455468.2885
CHLD 2 545.058594 1587455468.2886
MEM 1176.042969 1587455468.3978
CHLD 0 264.542969 1587455468.4227
CHLD 1 221.378906 1587455468.4228
CHLD 2 545.316406 1587455468.4228
MEM 1185.597656 1587455468.5368
CHLD 0 264.542969 1587455468.5479
CHLD 1 248.980469 1587455468.5480
CHLD 2 545.574219 1587455468.5480
MEM 1170.519531 1587455468.6601
CHLD 0 198.933594 1587455468.6761
CHLD 1 250.656250 1587455468.6761
CHLD 2 545.832031 1587455468.6761
MEM 1192.925781 1587455468.7895
CHLD 0 220.695312 1587455468.8021
CHLD 1 281.078125 1587455468.8021
CHLD 2 546.347656 1587455468.8022
MEM 972.492188 1587455468.9099
CHLD 0 281.078125 1587455468.9169
CHLD 1 546.605469 1587455468.9170
MEM 972.750000 1587455469.0268
CHLD 0 281.078125 1587455469.0353
CHLD 1 546.863281 1587455469.0354
MEM 941.042969 1587455469.1459
CHLD 0 249.113281 1587455469.1537
CHLD 1 547.121094 1587455469.1538
MEM 941.558594 1587455469.2627
CHLD 0 249.113281 1587455469.2747
CHLD 1 547.636719 1587455469.2747
MEM 941.816406 1587455469.3842
CHLD 0 249.113281 1587455469.3921
CHLD 1 547.894531 1587455469.3921
MEM 942.332031 1587455469.5003
CHLD 0 249.113281 1587455469.5087
CHLD 1 548.410156 1587455469.5087
MEM 942.589844 1587455469.6174
CHLD 0 249.113281 1587455469.6265
CHLD 1 548.667969 1587455469.6265
MEM 943.105469 1587455469.7347
CHLD 0 249.113281 1587455469.7425
CHLD 1 549.183594 1587455469.7426
MEM 943.363281 1587455469.8509
CHLD 0 249.113281 1587455469.8587
CHLD 1 549.441406 1587455469.8588
MEM 943.878906 1587455469.9694
CHLD 0 249.113281 1587455469.9788
CHLD 1 549.957031 1587455469.9788
MEM 944.394531 1587455470.0870
CHLD 0 249.113281 1587455470.0949
CHLD 1 550.472656 1587455470.0950
MEM 944.652344 1587455470.2031
CHLD 0 249.113281 1587455470.2116
CHLD 1 550.730469 1587455470.2117
MEM 945.167969 1587455470.3199
CHLD 0 249.113281 1587455470.3280
CHLD 1 551.246094 1587455470.3281
MEM 945.425781 1587455470.4366
CHLD 0 249.113281 1587455470.4452
CHLD 1 551.503906 1587455470.4453
MEM 696.828125 1587455470.5533
CHLD 0 0.000000 1587455470.5610
CHLD 1 552.019531 1587455470.5611
MEM 697.085938 1587455470.6690
CHLD 0 0.000000 1587455470.6766
CHLD 1 552.277344 1587455470.6767
MEM 697.601562 1587455470.7847
CHLD 0 0.000000 1587455470.7925
CHLD 1 552.792969 1587455470.7925
MEM 698.117188 1587455470.9006
CHLD 0 0.000000 1587455470.9081
CHLD 1 553.308594 1587455470.9082
MEM 698.375000 1587455471.0164
CHLD 0 0.000000 1587455471.0239
CHLD 1 553.566406 1587455471.0240
MEM 698.890625 1587455471.1327
CHLD 0 0.000000 1587455471.1408
CHLD 1 554.082031 1587455471.1409
MEM 699.148438 1587455471.2481
CHLD 0 0.000000 1587455471.2541
CHLD 1 554.339844 1587455471.2541
MEM 699.664062 1587455471.3611
CHLD 0 0.000000 1587455471.3673
CHLD 1 554.855469 1587455471.3674
MEM 699.921875 1587455471.4738
CHLD 0 0.000000 1587455471.4798
CHLD 1 555.371094 1587455471.4798
MEM 700.437500 1587455471.5864
CHLD 0 0.000000 1587455471.5922
CHLD 1 555.628906 1587455471.5922
MEM 700.953125 1587455471.6989
CHLD 0 0.000000 1587455471.7046
CHLD 1 556.144531 1587455471.7046
MEM 701.210938 1587455471.8111
CHLD 0 0.000000 1587455471.8170
CHLD 1 556.660156 1587455471.8170
MEM 701.726562 1587455471.9233
CHLD 0 0.000000 1587455471.9294
CHLD 1 556.917969 1587455471.9294
MEM 702.242188 1587455472.0356
CHLD 0 0.000000 1587455472.0415
CHLD 1 557.433594 1587455472.0415
MEM 702.757812 1587455472.1479
CHLD 0 0.000000 1587455472.1536
CHLD 1 557.949219 1587455472.1536
MEM 703.015625 1587455472.2601
CHLD 0 0.000000 1587455472.2663
CHLD 1 558.207031 1587455472.2663
MEM 703.531250 1587455472.3726
CHLD 0 0.000000 1587455472.3785
CHLD 1 558.722656 1587455472.3785
MEM 704.046875 1587455472.4849
CHLD 0 0.000000 1587455472.4906
CHLD 1 559.238281 1587455472.4906
MEM 704.562500 1587455472.5970
CHLD 0 0.000000 1587455472.6029
CHLD 1 559.753906 1587455472.6029
MEM 704.820312 1587455472.7104
CHLD 0 0.000000 1587455472.7162
CHLD 1 560.011719 1587455472.7163
MEM 705.335938 1587455472.8225
CHLD 0 0.000000 1587455472.8284
CHLD 1 560.527344 1587455472.8285
MEM 705.851562 1587455472.9347
CHLD 0 0.000000 1587455472.9405
CHLD 1 561.042969 1587455472.9405
MEM 706.367188 1587455473.0474
CHLD 0 0.000000 1587455473.0531
CHLD 1 561.558594 1587455473.0532
MEM 706.625000 1587455473.1632
CHLD 0 0.000000 1587455473.1729
CHLD 1 561.816406 1587455473.1730
MEM 707.140625 1587455473.2794
CHLD 0 0.000000 1587455473.2852
CHLD 1 562.332031 1587455473.2852
MEM 707.656250 1587455473.3914
CHLD 0 0.000000 1587455473.3972
CHLD 1 562.847656 1587455473.3973
MEM 707.914062 1587455473.5035
CHLD 0 0.000000 1587455473.5093
CHLD 1 563.363281 1587455473.5093
MEM 603.398438 1587455473.6160
CHLD 0 0.000000 1587455473.6219
CHLD 1 458.589844 1587455473.6219
MEM 603.398438 1587455473.7283
CHLD 0 0.000000 1587455473.7341
CHLD 1 458.589844 1587455473.7341
MEM 603.398438 1587455473.8404
CHLD 0 0.000000 1587455473.8465
CHLD 1 458.589844 1587455473.8465
MEM 603.937500 1587455473.9528
CHLD 0 0.000000 1587455473.9585
CHLD 1 459.386719 1587455473.9585
MEM 604.453125 1587455474.0650
CHLD 0 0.000000 1587455474.0708
CHLD 1 459.644531 1587455474.0708
MEM 604.710938 1587455474.1772
CHLD 0 0.000000 1587455474.1829
CHLD 1 459.902344 1587455474.1829
MEM 604.968750 1587455474.2894
CHLD 0 0.000000 1587455474.2953
CHLD 1 460.160156 1587455474.2953
MEM 605.226562 1587455474.4016
CHLD 0 0.000000 1587455474.4073
CHLD 1 460.417969 1587455474.4074
MEM 605.484375 1587455474.5136
CHLD 0 0.000000 1587455474.5194
CHLD 1 460.675781 1587455474.5194
MEM 605.742188 1587455474.6268
CHLD 0 0.000000 1587455474.6327
CHLD 1 460.933594 1587455474.6327
MEM 270.796875 1587455474.7389
CHLD 0 0.000000 1587455474.7446
CHLD 1 125.988281 1587455474.7447
MEM 497.570312 1587455474.8512
CHLD 0 0.000000 1587455474.8577
CHLD 1 358.761719 1587455474.8578
MEM 532.187500 1587455474.9644
CHLD 0 0.000000 1587455474.9706
CHLD 1 389.378906 1587455474.9706
MEM 510.187500 1587455475.0772
CHLD 0 0.000000 1587455475.0834
CHLD 1 371.378906 1587455475.0834
MEM 481.675781 1587455475.1898
CHLD 0 0.000000 1587455475.1958
CHLD 1 336.867188 1587455475.1958
MEM 481.675781 1587455475.3022
CHLD 0 0.000000 1587455475.3082
CHLD 1 336.867188 1587455475.3082
MEM 144.808594 1587455475.4148
MEM 145.015625 1587455475.5274
MEM 145.015625 1587455475.6503
MEM 145.015625 1587455475.7801
MEM 145.015625 1587455475.9088
MEM 145.015625 1587455476.0405
MEM 145.015625 1587455476.1717
MEM 145.015625 1587455476.3029
MEM 145.015625 1587455476.4347
MEM 145.015625 1587455476.5709
MEM 145.015625 1587455476.7025
MEM 145.015625 1587455476.8376
MEM 145.015625 1587455476.9731
MEM 145.015625 1587455477.1059
MEM 145.015625 1587455477.2397
MEM 145.015625 1587455477.3731
MEM 145.015625 1587455477.5059
MEM 145.015625 1587455477.6332
MEM 145.015625 1587455477.7517
MEM 145.015625 1587455477.8814
MEM 145.015625 1587455478.0063
MEM 145.015625 1587455478.1406
MEM 145.015625 1587455478.2710
MEM 145.015625 1587455478.4060
MEM 145.015625 1587455478.5413
MEM 145.015625 1587455478.6716
MEM 145.015625 1587455478.8068
MEM 145.015625 1587455478.9485
MEM 145.015625 1587455479.0867
MEM 145.015625 1587455479.2206
MEM 145.015625 1587455479.3564
MEM 145.015625 1587455479.4922
MEM 145.015625 1587455479.6297
MEM 145.015625 1587455479.7636
MEM 145.015625 1587455479.8983
MEM 145.015625 1587455480.0330
MEM 145.015625 1587455480.1695
MEM 145.015625 1587455480.3024
MEM 145.015625 1587455480.4354
MEM 145.015625 1587455480.5732
MEM 145.015625 1587455480.7081
MEM 145.015625 1587455480.8441
MEM 145.015625 1587455480.9801
MEM 145.015625 1587455481.1140
MEM 145.015625 1587455481.2497
MEM 145.015625 1587455481.3852
MEM 145.015625 1587455481.5206
MEM 145.015625 1587455481.6549
MEM 145.015625 1587455481.7972
MEM 145.015625 1587455481.9264
MEM 145.015625 1587455482.0629
MEM 145.015625 1587455482.1985
MEM 145.015625 1587455482.3258
MEM 145.015625 1587455482.4549
MEM 145.015625 1587455482.5889
MEM 145.015625 1587455482.7200
MEM 145.015625 1587455482.8393
MEM 145.015625 1587455482.9672
MEM 145.015625 1587455483.1020
MEM 145.015625 1587455483.2340
MEM 145.015625 1587455483.3687
MEM 145.015625 1587455483.5058
MEM 145.015625 1587455483.6423
MEM 145.015625 1587455483.7786
MEM 145.015625 1587455483.9144
MEM 145.015625 1587455484.0488
MEM 145.015625 1587455484.1834
MEM 145.015625 1587455484.3200
MEM 145.015625 1587455484.4603
MEM 145.015625 1587455484.5946
MEM 145.015625 1587455484.7281
MEM 145.015625 1587455484.8647
MEM 145.015625 1587455485.0029
MEM 145.015625 1587455485.1296
MEM 145.015625 1587455485.2528
MEM 145.015625 1587455485.3821
MEM 145.015625 1587455485.5152
MEM 145.015625 1587455485.6480
MEM 145.015625 1587455485.7848
MEM 145.015625 1587455485.9214
MEM 145.015625 1587455486.0650
MEM 145.015625 1587455486.1950
MEM 145.015625 1587455486.3135
MEM 145.015625 1587455486.4413
MEM 145.015625 1587455486.5777
MEM 145.015625 1587455486.7117
MEM 145.015625 1587455486.8465
MEM 145.015625 1587455486.9829
MEM 145.015625 1587455487.1200
MEM 145.015625 1587455487.2558
MEM 145.015625 1587455487.3917
MEM 145.015625 1587455487.5282
MEM 145.015625 1587455487.6653
MEM 145.015625 1587455487.8020
MEM 145.015625 1587455487.9421
MEM 145.015625 1587455488.0832
MEM 145.015625 1587455488.2100
MEM 145.015625 1587455488.3438
MEM 145.015625 1587455488.4725
MEM 145.015625 1587455488.6075
MEM 145.015625 1587455488.7485
MEM 145.015625 1587455488.8804
MEM 145.015625 1587455489.0139
MEM 145.015625 1587455489.1510
MEM 145.015625 1587455489.2862
MEM 145.015625 1587455489.4227
MEM 145.015625 1587455489.5602
MEM 145.015625 1587455489.6821
MEM 145.015625 1587455489.8091
MEM 145.015625 1587455489.9392
MEM 145.015625 1587455490.0773
MEM 145.015625 1587455490.1952
MEM 145.015625 1587455490.3091
MEM 145.015625 1587455490.4359
MEM 145.015625 1587455490.5722
MEM 145.015625 1587455490.7050
MEM 145.015625 1587455490.8274
MEM 145.015625 1587455490.9504
MEM 145.015625 1587455491.0795
MEM 145.015625 1587455491.2149
MEM 145.015625 1587455491.3485
MEM 145.015625 1587455491.4847
MEM 145.015625 1587455491.6178
MEM 145.015625 1587455491.7501
MEM 145.015625 1587455491.8814
MEM 145.015625 1587455492.0158
MEM 145.015625 1587455492.1529
MEM 145.015625 1587455492.2954
MEM 145.015625 1587455492.4156
MEM 145.015625 1587455492.5472
MEM 145.015625 1587455492.6833
MEM 145.015625 1587455492.8257
MEM 145.015625 1587455492.9722
MEM 145.015625 1587455493.1164
MEM 145.015625 1587455493.2591
MEM 145.015625 1587455493.3984
MEM 145.015625 1587455493.5336
MEM 145.015625 1587455493.6711
MEM 145.015625 1587455493.8038
MEM 145.015625 1587455493.9374
MEM 145.015625 1587455494.0786
MEM 145.015625 1587455494.2106
