CMDLINE /home/sarvesh/Downloads/HappyMongo/voiceenv/bin/python3 server.py
MEM 1.554688 1587454966.1008
MEM 20.820312 1587454966.2071
MEM 54.925781 1587454966.3133
MEM 64.136719 1587454966.4244
MEM 81.300781 1587454966.5306
MEM 96.113281 1587454966.6368
MEM 110.039062 1587454966.7429
MEM 116.687500 1587454966.8490
MEM 124.839844 1587454966.9552
MEM 132.414062 1587454967.0614
MEM 140.417969 1587454967.1728
MEM 141.984375 1587454967.2842
MEM 141.984375 1587454967.3939
MEM 141.984375 1587454967.5135
MEM 141.984375 1587454967.6327
MEM 141.984375 1587454967.7517
MEM 141.984375 1587454967.8720
MEM 141.984375 1587454967.9920
MEM 141.984375 1587454968.1115
MEM 141.984375 1587454968.2300
MEM 141.984375 1587454968.3392
MEM 141.984375 1587454968.4578
MEM 141.984375 1587454968.5770
MEM 141.984375 1587454968.6986
MEM 141.984375 1587454968.8212
MEM 141.984375 1587454968.9312
MEM 141.984375 1587454969.0509
MEM 141.984375 1587454969.1866
MEM 141.984375 1587454969.3078
MEM 141.984375 1587454969.4309
MEM 141.984375 1587454969.5371
MEM 141.984375 1587454969.6456
MEM 142.589844 1587454969.7517
MEM 143.105469 1587454969.8607
MEM 143.105469 1587454969.9700
MEM 143.105469 1587454970.0794
MEM 143.105469 1587454970.1882
MEM 143.105469 1587454970.2944
MEM 143.105469 1587454970.4017
MEM 143.105469 1587454970.5081
MEM 143.105469 1587454970.6146
MEM 143.437500 1587454970.7248
MEM 143.925781 1587454970.8327
CHLD 0 130.757812 1587454970.8489
CHLD 1 150.191406 1587454970.8489
CHLD 2 132.785156 1587454970.8491
MEM 143.925781 1587454970.9494
CHLD 0 156.757812 1587454970.9582
CHLD 1 158.691406 1587454970.9582
CHLD 2 209.582031 1587454970.9582
MEM 143.925781 1587454971.0591
CHLD 0 164.265625 1587454971.0757
CHLD 1 164.492188 1587454971.0758
CHLD 2 209.582031 1587454971.0758
MEM 143.925781 1587454971.1763
CHLD 0 165.027344 1587454971.1869
CHLD 1 165.000000 1587454971.1869
CHLD 2 209.582031 1587454971.1870
MEM 143.925781 1587454971.2874
CHLD 0 165.027344 1587454971.2958
CHLD 1 165.000000 1587454971.2958
CHLD 2 209.582031 1587454971.2958
MEM 143.925781 1587454971.3962
CHLD 0 165.027344 1587454971.4050
CHLD 1 165.000000 1587454971.4050
CHLD 2 209.582031 1587454971.4051
MEM 143.925781 1587454971.5054
CHLD 0 165.027344 1587454971.5150
CHLD 1 165.000000 1587454971.5150
CHLD 2 209.582031 1587454971.5151
MEM 143.925781 1587454971.6165
CHLD 0 165.027344 1587454971.6276
CHLD 1 165.000000 1587454971.6276
CHLD 2 209.582031 1587454971.6277
MEM 143.925781 1587454971.7280
CHLD 0 165.027344 1587454971.7406
CHLD 1 165.000000 1587454971.7406
CHLD 2 209.582031 1587454971.7407
MEM 143.925781 1587454971.8411
CHLD 0 165.207031 1587454971.8527
CHLD 1 165.000000 1587454971.8527
CHLD 2 209.582031 1587454971.8528
MEM 143.925781 1587454971.9531
CHLD 0 166.023438 1587454971.9619
CHLD 1 165.648438 1587454971.9620
CHLD 2 209.582031 1587454971.9620
MEM 143.925781 1587454972.0624
CHLD 0 188.660156 1587454972.0724
CHLD 1 187.851562 1587454972.0725
CHLD 2 209.582031 1587454972.0725
MEM 143.925781 1587454972.1728
CHLD 0 188.660156 1587454972.1816
CHLD 1 188.613281 1587454972.1816
CHLD 2 209.582031 1587454972.1817
MEM 143.925781 1587454972.2820
CHLD 0 188.660156 1587454972.2902
CHLD 1 188.613281 1587454972.2903
CHLD 2 209.582031 1587454972.2903
MEM 143.925781 1587454972.3906
CHLD 0 188.660156 1587454972.4008
CHLD 1 188.613281 1587454972.4008
CHLD 2 211.253906 1587454972.4009
MEM 143.925781 1587454972.5014
CHLD 0 188.660156 1587454972.5096
CHLD 1 188.613281 1587454972.5097
CHLD 2 211.253906 1587454972.5097
MEM 143.925781 1587454972.6102
CHLD 0 188.878906 1587454972.6196
CHLD 1 188.613281 1587454972.6196
CHLD 2 211.253906 1587454972.6197
MEM 143.925781 1587454972.7200
CHLD 0 188.898438 1587454972.7307
CHLD 1 188.687500 1587454972.7307
CHLD 2 213.882812 1587454972.7308
MEM 143.925781 1587454972.8319
CHLD 0 189.148438 1587454972.8411
CHLD 1 188.742188 1587454972.8411
CHLD 2 218.339844 1587454972.8412
MEM 143.925781 1587454972.9415
CHLD 0 213.066406 1587454972.9540
CHLD 1 188.796875 1587454972.9540
CHLD 2 218.339844 1587454972.9541
MEM 143.925781 1587454973.0544
CHLD 0 249.417969 1587454973.0635
CHLD 1 188.851562 1587454973.0636
CHLD 2 218.339844 1587454973.0636
MEM 143.925781 1587454973.1639
CHLD 0 256.894531 1587454973.1726
CHLD 1 188.906250 1587454973.1726
CHLD 2 218.339844 1587454973.1726
MEM 143.925781 1587454973.2730
CHLD 0 263.855469 1587454973.2817
CHLD 1 237.226562 1587454973.2817
CHLD 2 218.339844 1587454973.2817
MEM 143.925781 1587454973.3821
CHLD 0 281.386719 1587454973.3931
CHLD 1 258.625000 1587454973.3931
CHLD 2 218.339844 1587454973.3931
MEM 143.925781 1587454973.4934
CHLD 0 252.839844 1587454973.5080
CHLD 1 277.187500 1587454973.5080
CHLD 2 218.339844 1587454973.5081
MEM 143.925781 1587454973.6084
CHLD 0 263.410156 1587454973.6180
CHLD 1 281.312500 1587454973.6180
CHLD 2 218.339844 1587454973.6181
MEM 143.925781 1587454973.7184
CHLD 0 281.457031 1587454973.7287
CHLD 1 253.796875 1587454973.7287
CHLD 2 218.339844 1587454973.7288
MEM 143.925781 1587454973.8292
CHLD 0 249.492188 1587454973.8405
CHLD 1 266.687500 1587454973.8406
CHLD 2 218.339844 1587454973.8406
MEM 143.925781 1587454973.9410
CHLD 0 260.058594 1587454973.9508
CHLD 1 281.382812 1587454973.9508
CHLD 2 218.339844 1587454973.9509
MEM 143.925781 1587454974.0513
CHLD 0 281.457031 1587454974.0618
CHLD 1 250.960938 1587454974.0618
CHLD 2 218.339844 1587454974.0619
MEM 143.925781 1587454974.1622
CHLD 0 281.457031 1587454974.1728
CHLD 1 258.953125 1587454974.1728
CHLD 2 218.339844 1587454974.1728
MEM 143.925781 1587454974.2732
CHLD 0 255.417969 1587454974.2830
CHLD 1 281.382812 1587454974.2830
CHLD 2 218.339844 1587454974.2831
MEM 143.925781 1587454974.3835
CHLD 0 264.699219 1587454974.3940
CHLD 1 281.382812 1587454974.3941
CHLD 2 218.339844 1587454974.3941
MEM 143.925781 1587454974.4945
CHLD 0 281.457031 1587454974.5045
CHLD 1 254.312500 1587454974.5045
CHLD 2 218.339844 1587454974.5045
MEM 143.925781 1587454974.6049
CHLD 0 249.492188 1587454974.6149
CHLD 1 264.109375 1587454974.6149
CHLD 2 218.339844 1587454974.6150
MEM 143.925781 1587454974.7153
CHLD 0 249.492188 1587454974.7256
CHLD 1 281.382812 1587454974.7257
CHLD 2 218.339844 1587454974.7257
MEM 143.925781 1587454974.8261
CHLD 0 249.492188 1587454974.8364
CHLD 1 249.417969 1587454974.8364
CHLD 2 218.339844 1587454974.8364
MEM 143.925781 1587454974.9368
CHLD 0 249.492188 1587454974.9468
CHLD 1 249.417969 1587454974.9468
CHLD 2 218.339844 1587454974.9468
MEM 143.925781 1587454975.0472
CHLD 0 249.492188 1587454975.0556
CHLD 1 249.417969 1587454975.0557
CHLD 2 218.519531 1587454975.0557
MEM 143.925781 1587454975.1560
CHLD 0 249.492188 1587454975.1655
CHLD 1 249.417969 1587454975.1655
CHLD 2 218.519531 1587454975.1656
MEM 143.925781 1587454975.2659
CHLD 0 249.492188 1587454975.2738
CHLD 1 249.417969 1587454975.2738
CHLD 2 218.519531 1587454975.2739
MEM 143.925781 1587454975.3742
CHLD 0 249.492188 1587454975.3828
CHLD 1 249.417969 1587454975.3829
CHLD 2 218.636719 1587454975.3829
MEM 143.925781 1587454975.4833
CHLD 0 249.492188 1587454975.4913
CHLD 1 249.417969 1587454975.4914
CHLD 2 219.335938 1587454975.4914
MEM 143.925781 1587454975.5918
CHLD 0 249.746094 1587454975.6009
CHLD 1 249.417969 1587454975.6010
CHLD 2 221.093750 1587454975.6010
MEM 143.925781 1587454975.7050
CHLD 0 250.003906 1587454975.7152
CHLD 1 249.671875 1587454975.7152
CHLD 2 328.308594 1587454975.7153
MEM 143.925781 1587454975.8159
CHLD 0 250.261719 1587454975.8253
CHLD 1 249.929688 1587454975.8253
CHLD 2 328.554688 1587454975.8253
MEM 143.925781 1587454975.9257
CHLD 0 250.519531 1587454975.9360
CHLD 1 250.187500 1587454975.9360
CHLD 2 328.554688 1587454975.9361
MEM 143.925781 1587454976.0364
CHLD 0 250.519531 1587454976.0465
CHLD 1 250.445312 1587454976.0465
CHLD 2 328.554688 1587454976.0466
MEM 143.925781 1587454976.1469
CHLD 0 250.777344 1587454976.1554
CHLD 1 250.445312 1587454976.1555
CHLD 2 328.554688 1587454976.1555
MEM 143.925781 1587454976.2559
CHLD 0 250.777344 1587454976.2649
CHLD 1 250.703125 1587454976.2649
CHLD 2 328.554688 1587454976.2650
MEM 143.925781 1587454976.3653
CHLD 0 250.777344 1587454976.3738
CHLD 1 250.703125 1587454976.3739
CHLD 2 328.554688 1587454976.3739
MEM 143.925781 1587454976.4743
CHLD 0 251.035156 1587454976.4839
CHLD 1 250.703125 1587454976.4839
CHLD 2 328.554688 1587454976.4840
MEM 143.925781 1587454976.5843
CHLD 0 251.035156 1587454976.5942
CHLD 1 250.960938 1587454976.5942
CHLD 2 328.554688 1587454976.5942
MEM 143.925781 1587454976.6946
CHLD 0 251.035156 1587454976.7054
CHLD 1 250.960938 1587454976.7055
CHLD 2 328.554688 1587454976.7055
MEM 143.925781 1587454976.8058
CHLD 0 251.292969 1587454976.8140
CHLD 1 250.960938 1587454976.8141
CHLD 2 328.554688 1587454976.8141
MEM 143.925781 1587454976.9144
CHLD 0 251.292969 1587454976.9238
CHLD 1 251.218750 1587454976.9238
CHLD 2 328.554688 1587454976.9239
MEM 143.925781 1587454977.0242
CHLD 0 251.550781 1587454977.0326
CHLD 1 251.218750 1587454977.0333
CHLD 2 328.554688 1587454977.0334
MEM 143.925781 1587454977.1337
CHLD 0 251.550781 1587454977.1427
CHLD 1 251.476562 1587454977.1427
CHLD 2 328.554688 1587454977.1428
MEM 143.925781 1587454977.2431
CHLD 0 251.550781 1587454977.2512
CHLD 1 251.476562 1587454977.2512
CHLD 2 328.554688 1587454977.2513
MEM 143.925781 1587454977.3516
CHLD 0 251.808594 1587454977.3616
CHLD 1 251.476562 1587454977.3617
CHLD 2 328.554688 1587454977.3617
MEM 143.925781 1587454977.4621
CHLD 0 251.808594 1587454977.4737
CHLD 1 251.734375 1587454977.4738
CHLD 2 328.554688 1587454977.4738
MEM 143.925781 1587454977.5741
CHLD 0 252.066406 1587454977.5850
CHLD 1 251.734375 1587454977.5850
CHLD 2 328.554688 1587454977.5851
MEM 143.925781 1587454977.6854
CHLD 0 252.066406 1587454977.6946
CHLD 1 251.734375 1587454977.6946
CHLD 2 328.554688 1587454977.6946
MEM 143.925781 1587454977.7950
CHLD 0 252.066406 1587454977.8029
CHLD 1 251.992188 1587454977.8030
CHLD 2 328.554688 1587454977.8030
MEM 143.925781 1587454977.9033
CHLD 0 252.066406 1587454977.9114
CHLD 1 251.992188 1587454977.9114
CHLD 2 328.574219 1587454977.9114
MEM 143.925781 1587454978.0118
CHLD 0 252.324219 1587454978.0197
CHLD 1 252.250000 1587454978.0198
CHLD 2 328.628906 1587454978.0198
MEM 143.925781 1587454978.1201
CHLD 0 252.582031 1587454978.1284
CHLD 1 252.507812 1587454978.1285
CHLD 2 328.792969 1587454978.1285
MEM 143.925781 1587454978.2288
CHLD 0 252.839844 1587454978.2370
CHLD 1 252.507812 1587454978.2371
CHLD 2 328.792969 1587454978.2371
MEM 143.925781 1587454978.3375
CHLD 0 253.097656 1587454978.3468
CHLD 1 252.765625 1587454978.3468
CHLD 2 405.304688 1587454978.3469
MEM 143.925781 1587454978.4472
CHLD 0 253.355469 1587454978.4554
CHLD 1 253.023438 1587454978.4555
CHLD 2 509.375000 1587454978.4555
MEM 143.925781 1587454978.5559
CHLD 0 253.613281 1587454978.5640
CHLD 1 253.281250 1587454978.5641
CHLD 2 537.992188 1587454978.5641
MEM 143.925781 1587454978.6646
CHLD 0 254.101562 1587454978.6771
CHLD 1 253.539062 1587454978.6773
CHLD 2 594.195312 1587454978.6773
MEM 143.925781 1587454978.7777
CHLD 0 254.359375 1587454978.7875
CHLD 1 254.027344 1587454978.7875
CHLD 2 626.421875 1587454978.7875
MEM 143.925781 1587454978.8879
CHLD 0 197.816406 1587454978.8992
CHLD 1 254.027344 1587454978.8993
CHLD 2 626.421875 1587454978.8993
MEM 143.925781 1587454979.0000
CHLD 0 209.316406 1587454979.0156
CHLD 1 254.285156 1587454979.0157
CHLD 2 498.613281 1587454979.0158
MEM 143.925781 1587454979.1161
CHLD 0 209.328125 1587454979.1259
CHLD 1 197.472656 1587454979.1259
CHLD 2 523.101562 1587454979.1260
MEM 143.925781 1587454979.2263
CHLD 0 209.328125 1587454979.2387
CHLD 1 197.984375 1587454979.2388
CHLD 2 550.945312 1587454979.2388
MEM 143.925781 1587454979.3393
CHLD 0 209.328125 1587454979.3559
CHLD 1 209.484375 1587454979.3560
CHLD 2 626.484375 1587454979.3560
MEM 143.925781 1587454979.4564
CHLD 0 209.328125 1587454979.4807
CHLD 1 209.484375 1587454979.4808
CHLD 2 626.484375 1587454979.4808
MEM 143.925781 1587454979.5812
CHLD 0 209.328125 1587454979.5948
CHLD 1 209.484375 1587454979.5948
CHLD 2 626.484375 1587454979.5948
MEM 143.925781 1587454979.6952
CHLD 0 209.328125 1587454979.7042
CHLD 1 209.484375 1587454979.7043
CHLD 2 626.484375 1587454979.7043
MEM 143.925781 1587454979.8051
CHLD 0 209.328125 1587454979.8160
CHLD 1 209.484375 1587454979.8161
CHLD 2 550.945312 1587454979.8161
MEM 143.925781 1587454979.9165
CHLD 0 209.328125 1587454979.9251
CHLD 1 209.484375 1587454979.9251
CHLD 2 559.710938 1587454979.9251
MEM 143.925781 1587454980.0254
CHLD 0 209.437500 1587454980.0362
CHLD 1 209.484375 1587454980.0362
CHLD 2 569.250000 1587454980.0363
MEM 143.925781 1587454980.1367
CHLD 0 220.378906 1587454980.1473
CHLD 1 209.484375 1587454980.1473
CHLD 2 577.242188 1587454980.1474
MEM 143.925781 1587454980.2477
CHLD 0 220.585938 1587454980.2560
CHLD 1 209.484375 1587454980.2561
CHLD 2 587.039062 1587454980.2561
MEM 143.925781 1587454980.3564
CHLD 0 220.585938 1587454980.3718
CHLD 1 209.484375 1587454980.3719
CHLD 2 593.484375 1587454980.3719
MEM 143.925781 1587454980.4723
CHLD 0 220.585938 1587454980.4860
CHLD 1 209.484375 1587454980.4861
CHLD 2 598.898438 1587454980.4861
MEM 143.925781 1587454980.5865
CHLD 0 220.585938 1587454980.5990
CHLD 1 209.484375 1587454980.5991
CHLD 2 606.632812 1587454980.5991
MEM 143.925781 1587454980.6994
CHLD 0 220.585938 1587454980.7123
CHLD 1 209.621094 1587454980.7124
CHLD 2 616.945312 1587454980.7124
MEM 143.925781 1587454980.8128
CHLD 0 220.593750 1587454980.8264
CHLD 1 209.710938 1587454980.8264
CHLD 2 679.078125 1587454980.8264
MEM 143.925781 1587454980.9270
CHLD 0 220.593750 1587454980.9435
CHLD 1 219.761719 1587454980.9435
CHLD 2 679.078125 1587454980.9435
MEM 143.925781 1587454981.0451
CHLD 0 220.593750 1587454981.0567
CHLD 1 220.742188 1587454981.0567
CHLD 2 679.078125 1587454981.0567
MEM 143.925781 1587454981.1571
CHLD 0 242.406250 1587454981.1675
CHLD 1 220.742188 1587454981.1676
CHLD 2 679.078125 1587454981.1676
MEM 143.925781 1587454981.2679
CHLD 0 266.742188 1587454981.2765
CHLD 1 220.750000 1587454981.2765
CHLD 2 679.078125 1587454981.2765
MEM 143.925781 1587454981.3769
CHLD 0 275.507812 1587454981.3855
CHLD 1 220.750000 1587454981.3856
CHLD 2 558.144531 1587454981.3856
MEM 143.925781 1587454981.4860
CHLD 0 296.390625 1587454981.4982
CHLD 1 220.750000 1587454981.4982
CHLD 2 581.605469 1587454981.4983
MEM 143.925781 1587454981.6013
CHLD 0 292.324219 1587454981.6131
CHLD 1 296.546875 1587454981.6132
CHLD 2 608.675781 1587454981.6133
MEM 143.925781 1587454981.7152
CHLD 0 269.894531 1587454981.7268
CHLD 1 294.542969 1587454981.7268
CHLD 2 679.058594 1587454981.7269
MEM 143.925781 1587454981.8274
CHLD 0 296.449219 1587454981.8444
CHLD 1 273.660156 1587454981.8445
CHLD 2 679.058594 1587454981.8445
MEM 143.925781 1587454981.9451
CHLD 0 283.042969 1587454981.9641
CHLD 1 266.957031 1587454981.9641
CHLD 2 679.058594 1587454981.9642
MEM 143.925781 1587454982.0648
CHLD 0 296.449219 1587454982.0836
CHLD 1 296.605469 1587454982.0837
CHLD 2 679.058594 1587454982.0837
MEM 143.925781 1587454982.1841
CHLD 0 264.484375 1587454982.1922
CHLD 1 264.640625 1587454982.1922
CHLD 2 539.761719 1587454982.1923
MEM 143.925781 1587454982.2926
CHLD 0 264.484375 1587454982.3019
CHLD 1 264.640625 1587454982.3020
CHLD 2 540.015625 1587454982.3020
MEM 143.925781 1587454982.4027
CHLD 0 264.484375 1587454982.4126
CHLD 1 264.640625 1587454982.4126
CHLD 2 540.273438 1587454982.4126
MEM 143.925781 1587454982.5130
CHLD 0 264.484375 1587454982.5209
CHLD 1 264.640625 1587454982.5209
CHLD 2 540.531250 1587454982.5247
MEM 143.925781 1587454982.6250
CHLD 0 264.484375 1587454982.6382
CHLD 1 264.640625 1587454982.6382
CHLD 2 540.789062 1587454982.6382
MEM 143.925781 1587454982.7387
CHLD 0 264.484375 1587454982.7528
CHLD 1 264.640625 1587454982.7528
CHLD 2 541.046875 1587454982.7528
MEM 143.925781 1587454982.8532
CHLD 0 264.484375 1587454982.8668
CHLD 1 264.640625 1587454982.8668
CHLD 2 541.304688 1587454982.8668
MEM 143.925781 1587454982.9673
CHLD 0 264.484375 1587454982.9795
CHLD 1 264.640625 1587454982.9796
CHLD 2 541.562500 1587454982.9796
MEM 143.925781 1587454983.0814
CHLD 0 264.484375 1587454983.0897
CHLD 1 264.640625 1587454983.0897
CHLD 2 541.820312 1587454983.0897
MEM 143.925781 1587454983.1901
CHLD 0 264.484375 1587454983.2003
CHLD 1 264.640625 1587454983.2003
CHLD 2 542.078125 1587454983.2004
MEM 143.925781 1587454983.3008
CHLD 0 264.484375 1587454983.3090
CHLD 1 264.640625 1587454983.3090
CHLD 2 542.335938 1587454983.3090
MEM 143.925781 1587454983.4094
CHLD 0 264.484375 1587454983.4177
CHLD 1 264.640625 1587454983.4177
CHLD 2 542.593750 1587454983.4177
MEM 143.925781 1587454983.5181
CHLD 0 264.484375 1587454983.5259
CHLD 1 264.640625 1587454983.5260
CHLD 2 542.851562 1587454983.5260
MEM 143.925781 1587454983.6264
CHLD 0 264.484375 1587454983.6350
CHLD 1 264.640625 1587454983.6350
CHLD 2 543.109375 1587454983.6351
MEM 143.925781 1587454983.7354
CHLD 0 264.484375 1587454983.7474
CHLD 1 264.640625 1587454983.7474
CHLD 2 543.367188 1587454983.7475
MEM 143.925781 1587454983.8478
CHLD 0 264.484375 1587454983.8584
CHLD 1 264.640625 1587454983.8584
CHLD 2 543.625000 1587454983.8585
MEM 143.925781 1587454983.9588
CHLD 0 264.484375 1587454983.9699
CHLD 1 264.640625 1587454983.9699
CHLD 2 543.882812 1587454983.9700
MEM 143.925781 1587454984.0703
CHLD 0 264.484375 1587454984.0799
CHLD 1 264.640625 1587454984.0799
CHLD 2 544.140625 1587454984.0799
MEM 143.925781 1587454984.1803
CHLD 0 264.484375 1587454984.1889
CHLD 1 198.847656 1587454984.1890
CHLD 2 544.398438 1587454984.1890
MEM 143.925781 1587454984.2894
CHLD 0 264.484375 1587454984.3031
CHLD 1 220.609375 1587454984.3031
CHLD 2 544.656250 1587454984.3032
MEM 143.925781 1587454984.4035
CHLD 0 264.484375 1587454984.4153
CHLD 1 220.695312 1587454984.4153
CHLD 2 544.914062 1587454984.4153
MEM 143.925781 1587454984.5157
CHLD 0 264.484375 1587454984.5242
CHLD 1 221.207031 1587454984.5243
CHLD 2 545.171875 1587454984.5243
MEM 143.925781 1587454984.6247
CHLD 0 264.484375 1587454984.6332
CHLD 1 221.207031 1587454984.6333
CHLD 2 545.429688 1587454984.6333
MEM 143.925781 1587454984.7337
CHLD 0 216.148438 1587454984.7433
CHLD 1 221.207031 1587454984.7434
CHLD 2 545.429688 1587454984.7434
MEM 143.925781 1587454984.8438
CHLD 0 198.933594 1587454984.8534
CHLD 1 221.207031 1587454984.8535
CHLD 2 545.687500 1587454984.8535
MEM 143.925781 1587454984.9538
CHLD 0 220.695312 1587454984.9637
CHLD 1 221.207031 1587454984.9638
CHLD 2 545.687500 1587454984.9638
MEM 143.925781 1587454985.0642
CHLD 0 220.695312 1587454985.0725
CHLD 1 221.207031 1587454985.0725
CHLD 2 545.945312 1587454985.0726
MEM 143.925781 1587454985.1729
CHLD 0 220.695312 1587454985.1813
CHLD 1 221.378906 1587454985.1814
CHLD 2 545.945312 1587454985.1814
MEM 143.933594 1587454985.2817
CHLD 0 221.378906 1587454985.2925
CHLD 1 546.203125 1587454985.2926
MEM 143.933594 1587454985.3929
CHLD 0 221.378906 1587454985.4011
CHLD 1 546.203125 1587454985.4011
MEM 143.933594 1587454985.5014
CHLD 0 221.378906 1587454985.5093
CHLD 1 546.460938 1587454985.5094
MEM 143.933594 1587454985.6097
CHLD 0 221.378906 1587454985.6184
CHLD 1 546.460938 1587454985.6185
MEM 143.933594 1587454985.7188
CHLD 0 254.910156 1587454985.7280
CHLD 1 546.976562 1587454985.7281
MEM 143.933594 1587454985.8284
CHLD 0 255.039062 1587454985.8368
CHLD 1 547.234375 1587454985.8369
MEM 143.933594 1587454985.9373
CHLD 0 253.750000 1587454985.9453
CHLD 1 547.750000 1587454985.9454
MEM 143.933594 1587454986.0457
CHLD 0 254.781250 1587454986.0539
CHLD 1 548.007812 1587454986.0540
MEM 143.933594 1587454986.1543
CHLD 0 249.113281 1587454986.1622
CHLD 1 548.523438 1587454986.1622
MEM 143.933594 1587454986.2625
CHLD 0 249.113281 1587454986.2702
CHLD 1 548.781250 1587454986.2703
MEM 143.933594 1587454986.3706
CHLD 0 249.113281 1587454986.3783
CHLD 1 549.296875 1587454986.3784
MEM 143.933594 1587454986.4787
CHLD 0 249.113281 1587454986.4865
CHLD 1 549.812500 1587454986.4865
MEM 143.933594 1587454986.5869
CHLD 0 249.113281 1587454986.5949
CHLD 1 550.070312 1587454986.5949
MEM 143.933594 1587454986.6952
CHLD 0 249.113281 1587454986.7037
CHLD 1 550.585938 1587454986.7038
MEM 143.933594 1587454986.8041
CHLD 0 249.113281 1587454986.8127
CHLD 1 550.843750 1587454986.8127
MEM 143.933594 1587454986.9130
CHLD 0 249.113281 1587454986.9221
CHLD 1 551.359375 1587454986.9222
MEM 143.933594 1587454987.0225
CHLD 0 249.113281 1587454987.0313
CHLD 1 551.617188 1587454987.0313
MEM 143.933594 1587454987.1316
CHLD 0 249.113281 1587454987.1396
CHLD 1 552.132812 1587454987.1396
MEM 143.933594 1587454987.2400
CHLD 0 249.113281 1587454987.2476
CHLD 1 552.390625 1587454987.2477
MEM 143.933594 1587454987.3480
CHLD 0 249.113281 1587454987.3569
CHLD 1 552.906250 1587454987.3569
MEM 143.933594 1587454987.4573
CHLD 0 249.113281 1587454987.4656
CHLD 1 553.164062 1587454987.4656
MEM 143.933594 1587454987.5659
CHLD 0 0.000000 1587454987.5736
CHLD 1 553.679688 1587454987.5737
MEM 143.933594 1587454987.6740
CHLD 0 0.000000 1587454987.6817
CHLD 1 553.937500 1587454987.6817
MEM 143.933594 1587454987.7821
CHLD 0 0.000000 1587454987.7899
CHLD 1 554.453125 1587454987.7900
MEM 143.933594 1587454987.8903
CHLD 0 0.000000 1587454987.8980
CHLD 1 554.710938 1587454987.8980
MEM 143.933594 1587454987.9983
CHLD 0 0.000000 1587454988.0061
CHLD 1 555.226562 1587454988.0061
MEM 143.933594 1587454988.1065
CHLD 0 0.000000 1587454988.1140
CHLD 1 555.484375 1587454988.1141
MEM 143.933594 1587454988.2144
CHLD 0 0.000000 1587454988.2221
CHLD 1 556.000000 1587454988.2221
MEM 143.933594 1587454988.3225
CHLD 0 0.000000 1587454988.3308
CHLD 1 556.515625 1587454988.3309
MEM 143.933594 1587454988.4311
CHLD 0 0.000000 1587454988.4387
CHLD 1 556.773438 1587454988.4388
MEM 143.933594 1587454988.5391
CHLD 0 0.000000 1587454988.5463
CHLD 1 557.289062 1587454988.5464
MEM 143.933594 1587454988.6468
CHLD 0 0.000000 1587454988.6539
CHLD 1 557.546875 1587454988.6540
MEM 143.933594 1587454988.7543
CHLD 0 0.000000 1587454988.7603
CHLD 1 558.062500 1587454988.7603
MEM 143.933594 1587454988.8606
CHLD 0 0.000000 1587454988.8665
CHLD 1 558.320312 1587454988.8665
MEM 143.933594 1587454988.9669
CHLD 0 0.000000 1587454988.9737
CHLD 1 558.835938 1587454988.9737
MEM 143.933594 1587454989.0741
CHLD 0 0.000000 1587454989.0805
CHLD 1 559.093750 1587454989.0805
MEM 143.933594 1587454989.1808
CHLD 0 0.000000 1587454989.1866
CHLD 1 559.609375 1587454989.1866
MEM 143.933594 1587454989.2870
CHLD 0 0.000000 1587454989.2928
CHLD 1 560.125000 1587454989.2929
MEM 143.933594 1587454989.3932
CHLD 0 0.000000 1587454989.3990
CHLD 1 560.382812 1587454989.3990
MEM 143.933594 1587454989.4993
CHLD 0 0.000000 1587454989.5052
CHLD 1 560.898438 1587454989.5053
MEM 143.933594 1587454989.6056
CHLD 0 0.000000 1587454989.6133
CHLD 1 561.156250 1587454989.6133
MEM 143.933594 1587454989.7137
CHLD 0 0.000000 1587454989.7215
CHLD 1 561.671875 1587454989.7216
MEM 143.933594 1587454989.8219
CHLD 0 0.000000 1587454989.8298
CHLD 1 561.929688 1587454989.8298
MEM 143.933594 1587454989.9302
CHLD 0 0.000000 1587454989.9387
CHLD 1 562.445312 1587454989.9387
MEM 143.933594 1587454990.0391
CHLD 0 0.000000 1587454990.0470
CHLD 1 562.703125 1587454990.0471
MEM 143.933594 1587454990.1474
CHLD 0 0.000000 1587454990.1552
CHLD 1 563.218750 1587454990.1552
MEM 143.933594 1587454990.2555
CHLD 0 0.000000 1587454990.2633
CHLD 1 563.734375 1587454990.2633
MEM 143.933594 1587454990.3636
CHLD 0 0.000000 1587454990.3725
CHLD 1 458.703125 1587454990.3725
MEM 143.933594 1587454990.4729
CHLD 0 0.000000 1587454990.4812
CHLD 1 458.703125 1587454990.4812
MEM 143.933594 1587454990.5816
CHLD 0 0.000000 1587454990.5900
CHLD 1 459.187500 1587454990.5901
MEM 143.933594 1587454990.6904
CHLD 0 0.000000 1587454990.6984
CHLD 1 459.445312 1587454990.6985
MEM 143.933594 1587454990.7988
CHLD 0 0.000000 1587454990.8070
CHLD 1 459.703125 1587454990.8070
MEM 143.933594 1587454990.9073
CHLD 0 0.000000 1587454990.9154
CHLD 1 459.960938 1587454990.9155
MEM 143.933594 1587454991.0158
CHLD 0 0.000000 1587454991.0239
CHLD 1 460.218750 1587454991.0240
MEM 143.933594 1587454991.1244
CHLD 0 0.000000 1587454991.1323
CHLD 1 460.218750 1587454991.1323
MEM 143.933594 1587454991.2327
CHLD 0 0.000000 1587454991.2404
CHLD 1 460.476562 1587454991.2404
MEM 143.933594 1587454991.3408
CHLD 0 0.000000 1587454991.3487
CHLD 1 460.734375 1587454991.3487
MEM 143.933594 1587454991.4490
CHLD 0 0.000000 1587454991.4575
CHLD 1 124.351562 1587454991.4576
MEM 143.933594 1587454991.5579
CHLD 0 0.000000 1587454991.5643
CHLD 1 240.046875 1587454991.5643
MEM 143.933594 1587454991.6647
CHLD 0 0.000000 1587454991.6712
CHLD 1 340.464844 1587454991.6712
MEM 143.933594 1587454991.7727
CHLD 0 0.000000 1587454991.7809
CHLD 1 378.656250 1587454991.7809
MEM 143.933594 1587454991.8813
CHLD 0 0.000000 1587454991.8886
CHLD 1 336.921875 1587454991.8887
MEM 143.933594 1587454991.9890
CHLD 0 0.000000 1587454991.9951
CHLD 1 336.921875 1587454991.9952
MEM 143.933594 1587454992.0955
CHLD 0 0.000000 1587454992.1015
CHLD 1 336.921875 1587454992.1015
MEM 143.925781 1587454992.2018
MEM 143.925781 1587454992.3090
MEM 143.925781 1587454992.4224
MEM 143.925781 1587454992.5419
MEM 144.199219 1587454992.6601
MEM 144.199219 1587454992.7744
MEM 144.199219 1587454992.8840
MEM 144.199219 1587454993.0025
MEM 144.199219 1587454993.1204
MEM 144.199219 1587454993.2370
MEM 144.199219 1587454993.3535
MEM 144.199219 1587454993.4710
MEM 144.199219 1587454993.5884
MEM 144.199219 1587454993.7057
MEM 144.199219 1587454993.8234
MEM 144.199219 1587454993.9411
MEM 144.199219 1587454994.0589
MEM 144.199219 1587454994.1778
MEM 144.199219 1587454994.2955
MEM 144.199219 1587454994.4147
MEM 144.199219 1587454994.5347
MEM 144.199219 1587454994.6531
MEM 144.199219 1587454994.7731
MEM 144.199219 1587454994.8923
MEM 144.199219 1587454995.0110
MEM 144.199219 1587454995.1323
MEM 144.199219 1587454995.2510
MEM 144.199219 1587454995.3699
MEM 144.199219 1587454995.4885
MEM 144.199219 1587454995.6074
MEM 144.199219 1587454995.7271
MEM 144.199219 1587454995.8459
MEM 144.199219 1587454995.9650
MEM 144.199219 1587454996.0842
MEM 144.199219 1587454996.2030
MEM 144.199219 1587454996.3219
MEM 144.199219 1587454996.4427
MEM 144.199219 1587454996.5620
MEM 144.199219 1587454996.6814
MEM 144.199219 1587454996.8000
MEM 144.199219 1587454996.9199
MEM 144.199219 1587454997.0392
MEM 144.199219 1587454997.1584
MEM 144.199219 1587454997.2784
MEM 144.199219 1587454997.3993
MEM 144.199219 1587454997.5229
MEM 144.199219 1587454997.6344
MEM 144.199219 1587454997.7539
MEM 144.199219 1587454997.8743
MEM 144.199219 1587454997.9937
MEM 144.199219 1587454998.1146
MEM 144.199219 1587454998.2335
MEM 144.199219 1587454998.3526
MEM 144.199219 1587454998.4709
MEM 144.199219 1587454998.5914
MEM 144.199219 1587454998.7107
MEM 144.199219 1587454998.8299
MEM 144.199219 1587454998.9487
MEM 144.199219 1587454999.0674
MEM 144.199219 1587454999.1863
MEM 144.199219 1587454999.3044
MEM 144.199219 1587454999.4237
MEM 144.199219 1587454999.5429
MEM 144.199219 1587454999.6617
MEM 144.199219 1587454999.7821
MEM 144.199219 1587454999.9014
MEM 144.199219 1587455000.0201
MEM 144.199219 1587455000.1422
MEM 144.199219 1587455000.2629
MEM 144.199219 1587455000.3833
MEM 144.199219 1587455000.5051
MEM 144.199219 1587455000.6263
MEM 144.199219 1587455000.7479
MEM 144.199219 1587455000.8672
MEM 144.199219 1587455000.9915
MEM 144.199219 1587455001.1029
MEM 144.199219 1587455001.2252
MEM 144.199219 1587455001.3438
MEM 144.199219 1587455001.4657
MEM 144.199219 1587455001.5875
MEM 144.199219 1587455001.7095
MEM 144.199219 1587455001.8297
MEM 144.199219 1587455001.9427
MEM 144.199219 1587455002.0622
MEM 144.199219 1587455002.1834
MEM 144.199219 1587455002.3016
MEM 144.199219 1587455002.4118
MEM 144.199219 1587455002.5321
MEM 144.199219 1587455002.6530
MEM 144.199219 1587455002.7770
MEM 144.199219 1587455002.8975
MEM 144.199219 1587455003.0173
MEM 144.199219 1587455003.1370
MEM 144.199219 1587455003.2600
MEM 144.199219 1587455003.3821
MEM 144.199219 1587455003.5049
MEM 144.199219 1587455003.6254
MEM 144.199219 1587455003.7485
MEM 144.199219 1587455003.8704
MEM 144.199219 1587455003.9931
MEM 144.199219 1587455004.1158
MEM 144.199219 1587455004.2370
MEM 144.199219 1587455004.3578
MEM 144.199219 1587455004.4789
MEM 144.199219 1587455004.5940
MEM 144.199219 1587455004.7126
MEM 144.199219 1587455004.8326
MEM 144.199219 1587455004.9542
MEM 144.199219 1587455005.0755
MEM 144.199219 1587455005.1961
MEM 144.199219 1587455005.3174
MEM 144.199219 1587455005.4391
MEM 144.199219 1587455005.5597
MEM 144.199219 1587455005.6822
MEM 144.199219 1587455005.8037
MEM 144.199219 1587455005.9260
MEM 144.199219 1587455006.0473
MEM 144.199219 1587455006.1691
MEM 144.199219 1587455006.2924
MEM 144.199219 1587455006.4146
MEM 144.199219 1587455006.5359
MEM 144.199219 1587455006.6607
MEM 144.199219 1587455006.7723
MEM 144.199219 1587455006.8922
MEM 144.199219 1587455007.0146
MEM 144.199219 1587455007.1366
MEM 144.199219 1587455007.2604
MEM 144.199219 1587455007.3839
MEM 144.199219 1587455007.5051
MEM 144.199219 1587455007.6275
MEM 144.199219 1587455007.7506
MEM 144.199219 1587455007.8727
MEM 144.199219 1587455007.9986
MEM 144.199219 1587455008.1203
MEM 144.199219 1587455008.2436
MEM 144.199219 1587455008.3645
MEM 144.199219 1587455008.4857
MEM 144.199219 1587455008.6093
MEM 144.199219 1587455008.7335
MEM 144.199219 1587455008.8558
MEM 144.199219 1587455008.9779
MEM 144.199219 1587455009.1006
MEM 144.199219 1587455009.2233
MEM 144.199219 1587455009.3443
MEM 144.199219 1587455009.4651
MEM 144.199219 1587455009.5874
MEM 144.199219 1587455009.7110
MEM 144.199219 1587455009.8325
MEM 144.199219 1587455009.9543
MEM 144.199219 1587455010.0755
MEM 144.199219 1587455010.1961
MEM 144.199219 1587455010.3176
MEM 144.199219 1587455010.4399
MEM 144.199219 1587455010.5601
MEM 144.199219 1587455010.6825
MEM 144.199219 1587455010.8055
MEM 144.199219 1587455010.9265
MEM 144.199219 1587455011.0471
MEM 144.199219 1587455011.1668
MEM 144.199219 1587455011.2887
MEM 144.199219 1587455011.4109
MEM 144.199219 1587455011.5325
MEM 144.199219 1587455011.6525
MEM 144.199219 1587455011.7725
MEM 144.199219 1587455011.9019
MEM 144.199219 1587455012.0219
MEM 144.199219 1587455012.1438
MEM 144.199219 1587455012.2660
MEM 144.199219 1587455012.3894
MEM 144.199219 1587455012.5118
MEM 144.199219 1587455012.6342
MEM 144.199219 1587455012.7575
MEM 144.199219 1587455012.8800
MEM 144.199219 1587455012.9996
MEM 144.199219 1587455013.1131
MEM 144.199219 1587455013.2319
MEM 144.199219 1587455013.3494
MEM 144.199219 1587455013.4687
MEM 144.199219 1587455013.5892
MEM 144.199219 1587455013.7087
MEM 144.199219 1587455013.8277
MEM 144.199219 1587455013.9469
MEM 144.199219 1587455014.0653
MEM 144.199219 1587455014.1761
MEM 144.199219 1587455014.2948
MEM 144.199219 1587455014.4133
MEM 144.199219 1587455014.5326
MEM 144.199219 1587455014.6513
MEM 144.199219 1587455014.7699
MEM 144.199219 1587455014.8890
MEM 144.199219 1587455015.0090
MEM 144.199219 1587455015.1311
MEM 144.199219 1587455015.2535
MEM 144.199219 1587455015.3736
MEM 144.199219 1587455015.4957
MEM 144.199219 1587455015.6180
MEM 144.199219 1587455015.7426
MEM 144.199219 1587455015.8618
MEM 144.199219 1587455015.9740
MEM 144.199219 1587455016.0948
MEM 144.199219 1587455016.2099
MEM 144.199219 1587455016.3302
MEM 144.199219 1587455016.4489
MEM 144.199219 1587455016.5678
MEM 144.199219 1587455016.6867
MEM 144.199219 1587455016.8057
MEM 144.199219 1587455016.9282
MEM 144.199219 1587455017.0445
MEM 144.199219 1587455017.1571
MEM 144.199219 1587455017.2828
MEM 144.199219 1587455017.4040
MEM 144.199219 1587455017.5248
MEM 144.199219 1587455017.6442
MEM 144.199219 1587455017.7627
MEM 144.199219 1587455017.8824
MEM 144.199219 1587455018.0024
MEM 144.199219 1587455018.1245
MEM 144.199219 1587455018.2438
MEM 144.199219 1587455018.3625
MEM 144.199219 1587455018.4812
MEM 144.199219 1587455018.6001
MEM 144.199219 1587455018.7199
MEM 144.199219 1587455018.8386
MEM 144.199219 1587455018.9471
MEM 144.199219 1587455019.0663
MEM 144.199219 1587455019.1855
MEM 144.199219 1587455019.3049
MEM 144.199219 1587455019.4234
MEM 144.199219 1587455019.5431
MEM 144.199219 1587455019.6616
MEM 144.199219 1587455019.7813
MEM 144.199219 1587455019.9002
MEM 144.199219 1587455020.0188
MEM 144.199219 1587455020.1419
MEM 144.199219 1587455020.2675
MEM 144.199219 1587455020.3878
MEM 144.199219 1587455020.4961
MEM 144.199219 1587455020.6168
MEM 144.199219 1587455020.7356
MEM 144.199219 1587455020.8546
MEM 144.199219 1587455020.9724
MEM 144.199219 1587455021.0870
MEM 144.199219 1587455021.2040
MEM 144.199219 1587455021.3211
MEM 144.199219 1587455021.4388
MEM 144.199219 1587455021.5587
MEM 144.199219 1587455021.6784
MEM 144.199219 1587455021.7981
MEM 144.199219 1587455021.9139
MEM 144.199219 1587455022.0351
MEM 144.199219 1587455022.1566
MEM 144.199219 1587455022.2759
MEM 144.199219 1587455022.3950
MEM 144.199219 1587455022.5134
MEM 144.199219 1587455022.6322
MEM 144.199219 1587455022.7519
MEM 144.199219 1587455022.8705
MEM 144.199219 1587455022.9918
MEM 144.199219 1587455023.1122
MEM 144.199219 1587455023.2352
MEM 144.199219 1587455023.3556
MEM 144.199219 1587455023.4754
MEM 144.199219 1587455023.5968
MEM 144.199219 1587455023.7193
MEM 144.199219 1587455023.8409
MEM 144.199219 1587455023.9629
MEM 144.199219 1587455024.0822
MEM 144.199219 1587455024.2009
MEM 144.199219 1587455024.3211
MEM 144.199219 1587455024.4419
MEM 144.199219 1587455024.5624
MEM 144.199219 1587455024.6809
MEM 144.199219 1587455024.7993
MEM 144.199219 1587455024.9206
MEM 144.199219 1587455025.0405
MEM 144.199219 1587455025.1506
MEM 144.199219 1587455025.2697
MEM 144.199219 1587455025.3886
MEM 144.199219 1587455025.5073
MEM 144.199219 1587455025.6257
MEM 144.199219 1587455025.7470
MEM 144.199219 1587455025.8585
MEM 144.199219 1587455025.9751
MEM 144.199219 1587455026.0940
MEM 144.199219 1587455026.2129
MEM 144.199219 1587455026.3326
MEM 144.199219 1587455026.4513
MEM 144.199219 1587455026.5706
MEM 144.199219 1587455026.6897
MEM 144.199219 1587455026.8093
MEM 144.199219 1587455026.9285
MEM 144.199219 1587455027.0474
MEM 144.199219 1587455027.1662
MEM 144.199219 1587455027.2853
MEM 144.199219 1587455027.4040
MEM 144.199219 1587455027.5230
MEM 144.199219 1587455027.6422
MEM 144.199219 1587455027.7611
MEM 144.199219 1587455027.8813
MEM 144.199219 1587455028.0024
MEM 144.199219 1587455028.1268
MEM 144.199219 1587455028.2385
MEM 144.199219 1587455028.3600
MEM 144.199219 1587455028.4814
MEM 144.199219 1587455028.6026
MEM 144.199219 1587455028.7268
MEM 144.199219 1587455028.8488
MEM 144.199219 1587455028.9672
MEM 144.199219 1587455029.0840
MEM 144.199219 1587455029.2052
MEM 144.199219 1587455029.3267
MEM 144.199219 1587455029.4512
MEM 144.199219 1587455029.5752
MEM 144.199219 1587455029.6981
MEM 144.199219 1587455029.8194
MEM 144.199219 1587455029.9305
MEM 144.199219 1587455030.0504
MEM 144.199219 1587455030.1710
MEM 144.199219 1587455030.2826
MEM 144.199219 1587455030.4054
MEM 144.199219 1587455030.5285
MEM 144.199219 1587455030.6533
MEM 144.199219 1587455030.7782
MEM 144.199219 1587455030.9015
MEM 144.199219 1587455031.0239
MEM 144.199219 1587455031.1475
MEM 144.199219 1587455031.2699
MEM 144.199219 1587455031.3943
MEM 144.199219 1587455031.5150
MEM 144.199219 1587455031.6382
MEM 144.199219 1587455031.7580
MEM 144.199219 1587455031.8803
MEM 144.199219 1587455032.0017
MEM 144.199219 1587455032.1243
MEM 144.199219 1587455032.2485
MEM 144.199219 1587455032.3707
MEM 144.199219 1587455032.4911
MEM 144.199219 1587455032.6137
MEM 144.199219 1587455032.7380
MEM 144.199219 1587455032.8566
MEM 144.199219 1587455032.9728
MEM 144.199219 1587455033.0988
MEM 144.199219 1587455033.2121
MEM 144.199219 1587455033.3227
MEM 144.199219 1587455033.4438
MEM 144.199219 1587455033.5623
MEM 144.199219 1587455033.6814
MEM 144.199219 1587455033.8016
MEM 144.199219 1587455033.9201
MEM 144.199219 1587455034.0390
MEM 144.199219 1587455034.1577
MEM 144.199219 1587455034.2771
MEM 144.199219 1587455034.3971
